L0  Nsteps           time(ps)         Etot             EKinetic        
L1  Temp             T_solute         T_solv           Pres_scal_solu  
L2  Pres_scal_solv   BoxX             BoxY             BoxZ            
L3  volume           pres_X           pres_Y           pres_Z          
L4  Pressure         EKCoM_x          EKCoM_y          EKCoM_z         
L5  EKComTot         VIRIAL_x         VIRIAL_y         VIRIAL_z        
L6  VIRIAL_tot       E_pot            E_vdw            E_el            
L7  E_hbon           E_bon            E_angle          E_dih           
L8  E_14vdw          E_14el           E_const          E_pol           
L9  AV_permMoment    AV_indMoment     AV_totMoment     Density          dV/dlambda      
L0      500  0.1000000000E+01  -.2533161186E+02  0.1831474113E+02
L1 0.2710704064E+03  0.2710704064E+03  -.2592198776E+08  0.1000000000E+01
L2 0.1000000000E+01  0.0000000000E+00  0.0000000000E+00  0.0000000000E+00
L3 0.0000000000E+00  0.0000000000E+00  0.0000000000E+00  0.0000000000E+00
L4 0.0000000000E+00  0.0000000000E+00  0.0000000000E+00  0.0000000000E+00
L5 0.0000000000E+00  0.0000000000E+00  0.0000000000E+00  0.0000000000E+00
L6 0.0000000000E+00  -.4364635300E+02  -.3098870800E+01  -.5602670718E+02
L7 -.2815464893E+02  0.3634165333E+01  0.2951423363E+02  0.2028492755E+02
L8 0.1859244892E+01  -.1165869749E+02  0.0000000000E+00  0.0000000000E+00
L9 0.0000000000E+00  0.0000000000E+00  0.0000000000E+00  0.0000000000E+00  0.0000000000E+00
L0     1000  0.2000000000E+01  -.2474633035E+02  0.1619632721E+02
L1 0.2397164648E+03  0.2397164648E+03  -.2576737127E+08  0.1000000000E+01
L2 0.1000000000E+01  0.0000000000E+00  0.0000000000E+00  0.0000000000E+00
L3 0.0000000000E+00  0.0000000000E+00  0.0000000000E+00  0.0000000000E+00
L4 0.0000000000E+00  0.0000000000E+00  0.0000000000E+00  0.0000000000E+00
L5 0.0000000000E+00  0.0000000000E+00  0.0000000000E+00  0.0000000000E+00
L6 0.0000000000E+00  -.4094265756E+02  -.2633417838E+01  -.5666812191E+02
L7 -.2669136233E+02  0.3375631566E+01  0.3179228347E+02  0.1979941453E+02
L8 0.2780993645E+01  -.1269807869E+02  0.0000000000E+00  0.0000000000E+00
L9 0.0000000000E+00  0.0000000000E+00  0.0000000000E+00  0.0000000000E+00  0.0000000000E+00
L0     1500  0.3000000000E+01  -.2559805950E+02  0.1805501938E+02
L1 0.2672263508E+03  0.2672263508E+03  -.2624425778E+08  0.1000000000E+01
L2 0.1000000000E+01  0.0000000000E+00  0.0000000000E+00  0.0000000000E+00
L3 0.0000000000E+00  0.0000000000E+00  0.0000000000E+00  0.0000000000E+00
L4 0.0000000000E+00  0.0000000000E+00  0.0000000000E+00  0.0000000000E+00
L5 0.0000000000E+00  0.0000000000E+00  0.0000000000E+00  0.0000000000E+00
L6 0.0000000000E+00  -.4365307888E+02  -.3147632943E+01  -.5408269767E+02
L7 -.2922592451E+02  0.4579270100E+01  0.2954102335E+02  0.2135945912E+02
L8 0.1171363134E+01  -.1384793946E+02  0.0000000000E+00  0.0000000000E+00
L9 0.0000000000E+00  0.0000000000E+00  0.0000000000E+00  0.0000000000E+00  0.0000000000E+00
L0     2000  0.4000000000E+01  -.2551355267E+02  0.1584530830E+02
L1 0.2345211504E+03  0.2345211504E+03  -.2618659688E+08  0.1000000000E+01
L2 0.1000000000E+01  0.0000000000E+00  0.0000000000E+00  0.0000000000E+00
L3 0.0000000000E+00  0.0000000000E+00  0.0000000000E+00  0.0000000000E+00
L4 0.0000000000E+00  0.0000000000E+00  0.0000000000E+00  0.0000000000E+00
L5 0.0000000000E+00  0.0000000000E+00  0.0000000000E+00  0.0000000000E+00
L6 0.0000000000E+00  -.4135886098E+02  -.2942294366E+01  -.5329009366E+02
L7 -.2661016454E+02  0.3084194746E+01  0.3200648193E+02  0.2061937474E+02
L8 0.1648125386E+01  -.1587448522E+02  0.0000000000E+00  0.0000000000E+00
L9 0.0000000000E+00  0.0000000000E+00  0.0000000000E+00  0.0000000000E+00  0.0000000000E+00
L0     2500  0.5000000000E+01  -.2182440940E+02  0.1336806202E+02
L1 0.1978562502E+03  0.1978562502E+03  -.2302341453E+08  0.1000000000E+01
L2 0.1000000000E+01  0.0000000000E+00  0.0000000000E+00  0.0000000000E+00
L3 0.0000000000E+00  0.0000000000E+00  0.0000000000E+00  0.0000000000E+00
L4 0.0000000000E+00  0.0000000000E+00  0.0000000000E+00  0.0000000000E+00
L5 0.0000000000E+00  0.0000000000E+00  0.0000000000E+00  0.0000000000E+00
L6 0.0000000000E+00  -.3519247142E+02  -.1784732123E+01  -.5743363833E+02
L7 -.2696132281E+02  0.5151561651E+01  0.3486162905E+02  0.2002152686E+02
L8 0.2985724306E+01  -.1203322002E+02  0.0000000000E+00  0.0000000000E+00
L9 0.0000000000E+00  0.0000000000E+00  0.0000000000E+00  0.0000000000E+00  0.0000000000E+00
L0     3000  0.6000000000E+01  -.1719198594E+02  0.1571306705E+02
L1 0.2325638916E+03  0.2325638916E+03  -.1865464863E+08  0.1000000000E+01
L2 0.1000000000E+01  0.0000000000E+00  0.0000000000E+00  0.0000000000E+00
L3 0.0000000000E+00  0.0000000000E+00  0.0000000000E+00  0.0000000000E+00
L4 0.0000000000E+00  0.0000000000E+00  0.0000000000E+00  0.0000000000E+00
L5 0.0000000000E+00  0.0000000000E+00  0.0000000000E+00  0.0000000000E+00
L6 0.0000000000E+00  -.3290505299E+02  -.2815543798E+01  -.5570817913E+02
L7 -.2652605325E+02  0.6941896054E+01  0.3643599357E+02  0.2058891986E+02
L8 0.1948344970E+01  -.1377043128E+02  0.0000000000E+00  0.0000000000E+00
L9 0.0000000000E+00  0.0000000000E+00  0.0000000000E+00  0.0000000000E+00  0.0000000000E+00
L0     3500  0.7000000000E+01  -.1519033765E+02  0.2212044907E+02
L1 0.3273974266E+03  0.3273974266E+03  -.1622372960E+08  0.1000000000E+01
L2 0.1000000000E+01  0.0000000000E+00  0.0000000000E+00  0.0000000000E+00
L3 0.0000000000E+00  0.0000000000E+00  0.0000000000E+00  0.0000000000E+00
L4 0.0000000000E+00  0.0000000000E+00  0.0000000000E+00  0.0000000000E+00
L5 0.0000000000E+00  0.0000000000E+00  0.0000000000E+00  0.0000000000E+00
L6 0.0000000000E+00  -.3731078672E+02  -.2924671018E+01  -.5904887408E+02
L7 -.2575217212E+02  0.7335582486E+01  0.3185444791E+02  0.2337484312E+02
L8 0.1992285440E+01  -.1414222846E+02  0.0000000000E+00  0.0000000000E+00
L9 0.0000000000E+00  0.0000000000E+00  0.0000000000E+00  0.0000000000E+00  0.0000000000E+00
L0     4000  0.8000000000E+01  -.2462964274E+02  0.1649956894E+02
L1 0.2442046450E+03  0.2442046450E+03  -.2537585951E+08  0.1000000000E+01
L2 0.1000000000E+01  0.0000000000E+00  0.0000000000E+00  0.0000000000E+00
L3 0.0000000000E+00  0.0000000000E+00  0.0000000000E+00  0.0000000000E+00
L4 0.0000000000E+00  0.0000000000E+00  0.0000000000E+00  0.0000000000E+00
L5 0.0000000000E+00  0.0000000000E+00  0.0000000000E+00  0.0000000000E+00
L6 0.0000000000E+00  -.4112921168E+02  -.2614919416E+01  -.5626129280E+02
L7 -.2857546032E+02  0.3501245439E+01  0.3173733673E+02  0.2100161747E+02
L8 0.2639030711E+01  -.1255676949E+02  0.0000000000E+00  0.0000000000E+00
L9 0.0000000000E+00  0.0000000000E+00  0.0000000000E+00  0.0000000000E+00  0.0000000000E+00
L0     4500  0.9000000000E+01  -.2627431631E+02  0.1508214951E+02
L1 0.2232258903E+03  0.2232258903E+03  -.2697812987E+08  0.1000000000E+01
L2 0.1000000000E+01  0.0000000000E+00  0.0000000000E+00  0.0000000000E+00
L3 0.0000000000E+00  0.0000000000E+00  0.0000000000E+00  0.0000000000E+00
L4 0.0000000000E+00  0.0000000000E+00  0.0000000000E+00  0.0000000000E+00
L5 0.0000000000E+00  0.0000000000E+00  0.0000000000E+00  0.0000000000E+00
L6 0.0000000000E+00  -.4135646582E+02  -.3002472905E+01  -.5269747862E+02
L7 -.2844003438E+02  0.6281644860E+01  0.2904654867E+02  0.2100239885E+02
L8 0.2041338290E+01  -.1558841058E+02  0.0000000000E+00  0.0000000000E+00
L9 0.0000000000E+00  0.0000000000E+00  0.0000000000E+00  0.0000000000E+00  0.0000000000E+00
L0     5000  0.1000000000E+02  -.1780322000E+02  0.2320848846E+02
L1 0.3435011367E+03  0.3435011367E+03  -.1864665910E+08  0.1000000000E+01
L2 0.1000000000E+01  0.0000000000E+00  0.0000000000E+00  0.0000000000E+00
L3 0.0000000000E+00  0.0000000000E+00  0.0000000000E+00  0.0000000000E+00
L4 0.0000000000E+00  0.0000000000E+00  0.0000000000E+00  0.0000000000E+00
L5 0.0000000000E+00  0.0000000000E+00  0.0000000000E+00  0.0000000000E+00
L6 0.0000000000E+00  -.4101170846E+02  -.2365174434E+01  -.5409244261E+02
L7 -.2849951852E+02  0.6382058702E+01  0.2781280494E+02  0.2150326731E+02
L8 0.2159020426E+01  -.1391172428E+02  0.0000000000E+00  0.0000000000E+00
L9 0.0000000000E+00  0.0000000000E+00  0.0000000000E+00  0.0000000000E+00  0.0000000000E+00
L0     5500  0.1100000000E+02  -.2187917823E+02  0.1836828041E+02
L1 0.2718628234E+03  0.2718628234E+03  -.2273122329E+08  0.1000000000E+01
L2 0.1000000000E+01  0.0000000000E+00  0.0000000000E+00  0.0000000000E+00
L3 0.0000000000E+00  0.0000000000E+00  0.0000000000E+00  0.0000000000E+00
L4 0.0000000000E+00  0.0000000000E+00  0.0000000000E+00  0.0000000000E+00
L5 0.0000000000E+00  0.0000000000E+00  0.0000000000E+00  0.0000000000E+00
L6 0.0000000000E+00  -.4024745864E+02  -.2564579793E+01  -.5774821631E+02
L7 -.2779031023E+02  0.4055490273E+01  0.3192928431E+02  0.2103715516E+02
L8 0.1937293137E+01  -.1110357520E+02  0.0000000000E+00  0.0000000000E+00
L9 0.0000000000E+00  0.0000000000E+00  0.0000000000E+00  0.0000000000E+00  0.0000000000E+00
L0     6000  0.1200000000E+02  -.1899842120E+02  0.2229856110E+02
L1 0.3300336037E+03  0.3300336037E+03  -.1989369632E+08  0.1000000000E+01
L2 0.1000000000E+01  0.0000000000E+00  0.0000000000E+00  0.0000000000E+00
L3 0.0000000000E+00  0.0000000000E+00  0.0000000000E+00  0.0000000000E+00
L4 0.0000000000E+00  0.0000000000E+00  0.0000000000E+00  0.0000000000E+00
L5 0.0000000000E+00  0.0000000000E+00  0.0000000000E+00  0.0000000000E+00
L6 0.0000000000E+00  -.4129698230E+02  -.2425312755E+01  -.5688612875E+02
L7 -.2695810130E+02  0.1781748801E+01  0.3236299767E+02  0.2103862032E+02
L8 0.3094426191E+01  -.1330523248E+02  0.0000000000E+00  0.0000000000E+00
L9 0.0000000000E+00  0.0000000000E+00  0.0000000000E+00  0.0000000000E+00  0.0000000000E+00
L0     6500  0.1300000000E+02  -.1968475806E+02  0.1646782875E+02
L1 0.2437348690E+03  0.2437348690E+03  -.2070624816E+08  0.1000000000E+01
L2 0.1000000000E+01  0.0000000000E+00  0.0000000000E+00  0.0000000000E+00
L3 0.0000000000E+00  0.0000000000E+00  0.0000000000E+00  0.0000000000E+00
L4 0.0000000000E+00  0.0000000000E+00  0.0000000000E+00  0.0000000000E+00
L5 0.0000000000E+00  0.0000000000E+00  0.0000000000E+00  0.0000000000E+00
L6 0.0000000000E+00  -.3615258681E+02  -.3154115989E+01  -.5593322365E+02
L7 -.2822652863E+02  0.4174088118E+01  0.3440554924E+02  0.2332222216E+02
L8 0.3301441643E+01  -.1404201970E+02  0.0000000000E+00  0.0000000000E+00
L9 0.0000000000E+00  0.0000000000E+00  0.0000000000E+00  0.0000000000E+00  0.0000000000E+00
L0     7000  0.1400000000E+02  -.2592007859E+02  0.1695659065E+02
L1 0.2509688717E+03  0.2509688717E+03  -.2638748009E+08  0.1000000000E+01
L2 0.1000000000E+01  0.0000000000E+00  0.0000000000E+00  0.0000000000E+00
L3 0.0000000000E+00  0.0000000000E+00  0.0000000000E+00  0.0000000000E+00
L4 0.0000000000E+00  0.0000000000E+00  0.0000000000E+00  0.0000000000E+00
L5 0.0000000000E+00  0.0000000000E+00  0.0000000000E+00  0.0000000000E+00
L6 0.0000000000E+00  -.4287666924E+02  -.2001257072E+01  -.5049417744E+02
L7 -.3393543786E+02  0.5342397380E+01  0.2688162202E+02  0.2260710870E+02
L8 0.2310667627E+01  -.1358759260E+02  0.0000000000E+00  0.0000000000E+00
L9 0.0000000000E+00  0.0000000000E+00  0.0000000000E+00  0.0000000000E+00  0.0000000000E+00
L0     7500  0.1500000000E+02  -.1984323458E+02  0.1850672913E+02
L1 0.2739119569E+03  0.2739119569E+03  -.2093836932E+08  0.1000000000E+01
L2 0.1000000000E+01  0.0000000000E+00  0.0000000000E+00  0.0000000000E+00
L3 0.0000000000E+00  0.0000000000E+00  0.0000000000E+00  0.0000000000E+00
L4 0.0000000000E+00  0.0000000000E+00  0.0000000000E+00  0.0000000000E+00
L5 0.0000000000E+00  0.0000000000E+00  0.0000000000E+00  0.0000000000E+00
L6 0.0000000000E+00  -.3834996371E+02  -.1640282101E+01  -.4969059232E+02
L7 -.3035316323E+02  0.5281027156E+01  0.3246958610E+02  0.2015661956E+02
L8 0.2177417587E+01  -.1675057647E+02  0.0000000000E+00  0.0000000000E+00
L9 0.0000000000E+00  0.0000000000E+00  0.0000000000E+00  0.0000000000E+00  0.0000000000E+00
L0     8000  0.1600000000E+02  -.1728084679E+02  0.2780593109E+02
L1 0.4115463595E+03  0.4115463595E+03  -.1798490257E+08  0.1000000000E+01
L2 0.1000000000E+01  0.0000000000E+00  0.0000000000E+00  0.0000000000E+00
L3 0.0000000000E+00  0.0000000000E+00  0.0000000000E+00  0.0000000000E+00
L4 0.0000000000E+00  0.0000000000E+00  0.0000000000E+00  0.0000000000E+00
L5 0.0000000000E+00  0.0000000000E+00  0.0000000000E+00  0.0000000000E+00
L6 0.0000000000E+00  -.4508677788E+02  -.2816608437E+01  -.4948082998E+02
L7 -.3364863409E+02  0.2005441689E+01  0.3227968257E+02  0.1973967548E+02
L8 0.1994573403E+01  -.1516007852E+02  0.0000000000E+00  0.0000000000E+00
L9 0.0000000000E+00  0.0000000000E+00  0.0000000000E+00  0.0000000000E+00  0.0000000000E+00
L0     8500  0.1700000000E+02  -.2441676484E+02  0.1975485039E+02
L1 0.2923849855E+03  0.2923849855E+03  -.2512810288E+08  0.1000000000E+01
L2 0.1000000000E+01  0.0000000000E+00  0.0000000000E+00  0.0000000000E+00
L3 0.0000000000E+00  0.0000000000E+00  0.0000000000E+00  0.0000000000E+00
L4 0.0000000000E+00  0.0000000000E+00  0.0000000000E+00  0.0000000000E+00
L5 0.0000000000E+00  0.0000000000E+00  0.0000000000E+00  0.0000000000E+00
L6 0.0000000000E+00  -.4417161523E+02  -.1885206311E+01  -.5318558922E+02
L7 -.3337452384E+02  0.2897035036E+01  0.3161701282E+02  0.1790113345E+02
L8 0.2713843739E+01  -.1085532090E+02  0.0000000000E+00  0.0000000000E+00
L9 0.0000000000E+00  0.0000000000E+00  0.0000000000E+00  0.0000000000E+00  0.0000000000E+00
L0     9000  0.1800000000E+02  -.1871384499E+02  0.2002637291E+02
L1 0.2964037003E+03  0.2964037003E+03  -.1940028641E+08  0.1000000000E+01
L2 0.1000000000E+01  0.0000000000E+00  0.0000000000E+00  0.0000000000E+00
L3 0.0000000000E+00  0.0000000000E+00  0.0000000000E+00  0.0000000000E+00
L4 0.0000000000E+00  0.0000000000E+00  0.0000000000E+00  0.0000000000E+00
L5 0.0000000000E+00  0.0000000000E+00  0.0000000000E+00  0.0000000000E+00
L6 0.0000000000E+00  -.3874021790E+02  -.1902076448E+01  -.5120365867E+02
L7 -.3016681885E+02  0.4838339923E+01  0.3076636630E+02  0.2271232796E+02
L8 0.2398170570E+01  -.1618286869E+02  0.0000000000E+00  0.0000000000E+00
L9 0.0000000000E+00  0.0000000000E+00  0.0000000000E+00  0.0000000000E+00  0.0000000000E+00
L0     9500  0.1900000000E+02  -.2538389750E+02  0.1747807693E+02
L1 0.2586872172E+03  0.2586872172E+03  -.2618171854E+08  0.1000000000E+01
L2 0.1000000000E+01  0.0000000000E+00  0.0000000000E+00  0.0000000000E+00
L3 0.0000000000E+00  0.0000000000E+00  0.0000000000E+00  0.0000000000E+00
L4 0.0000000000E+00  0.0000000000E+00  0.0000000000E+00  0.0000000000E+00
L5 0.0000000000E+00  0.0000000000E+00  0.0000000000E+00  0.0000000000E+00
L6 0.0000000000E+00  -.4286197443E+02  -.2068787613E+01  -.4891158556E+02
L7 -.3066250980E+02  0.6692539888E+01  0.2988501036E+02  0.1835779360E+02
L8 0.2230809066E+01  -.1838524437E+02  0.0000000000E+00  0.0000000000E+00
L9 0.0000000000E+00  0.0000000000E+00  0.0000000000E+00  0.0000000000E+00  0.0000000000E+00
L0    10000  0.2000000000E+02  -.2015960331E+02  0.1727214050E+02
L1 0.2556392204E+03  0.2556392204E+03  -.2122102566E+08  0.1000000000E+01
L2 0.1000000000E+01  0.0000000000E+00  0.0000000000E+00  0.0000000000E+00
L3 0.0000000000E+00  0.0000000000E+00  0.0000000000E+00  0.0000000000E+00
L4 0.0000000000E+00  0.0000000000E+00  0.0000000000E+00  0.0000000000E+00
L5 0.0000000000E+00  0.0000000000E+00  0.0000000000E+00  0.0000000000E+00
L6 0.0000000000E+00  -.3743174382E+02  -.3030808781E+01  -.5408375442E+02
L7 -.3091009901E+02  0.2824144274E+01  0.3479941670E+02  0.2158981758E+02
L8 0.2930447191E+01  -.1155090735E+02  0.0000000000E+00  0.0000000000E+00
L9 0.0000000000E+00  0.0000000000E+00  0.0000000000E+00  0.0000000000E+00  0.0000000000E+00
L0    10500  0.2100000000E+02  -.1645522137E+02  0.2331489944E+02
L1 0.3450760903E+03  0.3450760903E+03  -.1701577206E+08  0.1000000000E+01
L2 0.1000000000E+01  0.0000000000E+00  0.0000000000E+00  0.0000000000E+00
L3 0.0000000000E+00  0.0000000000E+00  0.0000000000E+00  0.0000000000E+00
L4 0.0000000000E+00  0.0000000000E+00  0.0000000000E+00  0.0000000000E+00
L5 0.0000000000E+00  0.0000000000E+00  0.0000000000E+00  0.0000000000E+00
L6 0.0000000000E+00  -.3977012082E+02  -.1950388386E+01  -.5968835560E+02
L7 -.2729067347E+02  0.3923216233E+01  0.2799349931E+02  0.2554197008E+02
L8 0.2206961318E+01  -.1050635030E+02  0.0000000000E+00  0.0000000000E+00
L9 0.0000000000E+00  0.0000000000E+00  0.0000000000E+00  0.0000000000E+00  0.0000000000E+00
L0    11000  0.2200000000E+02  -.2220860368E+02  0.2082350349E+02
L1 0.3082017656E+03  0.3082017656E+03  -.2302669412E+08  0.1000000000E+01
L2 0.1000000000E+01  0.0000000000E+00  0.0000000000E+00  0.0000000000E+00
L3 0.0000000000E+00  0.0000000000E+00  0.0000000000E+00  0.0000000000E+00
L4 0.0000000000E+00  0.0000000000E+00  0.0000000000E+00  0.0000000000E+00
L5 0.0000000000E+00  0.0000000000E+00  0.0000000000E+00  0.0000000000E+00
L6 0.0000000000E+00  -.4303210718E+02  -.2658663864E+01  -.5145617489E+02
L7 -.3296914966E+02  0.3938997576E+01  0.3263667743E+02  0.1735512096E+02
L8 0.2537831997E+01  -.1241674672E+02  0.0000000000E+00  0.0000000000E+00
L9 0.0000000000E+00  0.0000000000E+00  0.0000000000E+00  0.0000000000E+00  0.0000000000E+00
L0    11500  0.2300000000E+02  -.1891244575E+02  0.2295090485E+02
L1 0.3396887271E+03  0.3396887271E+03  -.1989679023E+08  0.1000000000E+01
L2 0.1000000000E+01  0.0000000000E+00  0.0000000000E+00  0.0000000000E+00
L3 0.0000000000E+00  0.0000000000E+00  0.0000000000E+00  0.0000000000E+00
L4 0.0000000000E+00  0.0000000000E+00  0.0000000000E+00  0.0000000000E+00
L5 0.0000000000E+00  0.0000000000E+00  0.0000000000E+00  0.0000000000E+00
L6 0.0000000000E+00  -.4186335060E+02  -.3358056267E+01  -.5654072744E+02
L7 -.2841515677E+02  0.3999326814E+01  0.3139013917E+02  0.1997602452E+02
L8 0.2770168995E+01  -.1168506962E+02  0.0000000000E+00  0.0000000000E+00
L9 0.0000000000E+00  0.0000000000E+00  0.0000000000E+00  0.0000000000E+00  0.0000000000E+00
L0    12000  0.2400000000E+02  -.1970745625E+02  0.2092291832E+02
L1 0.3096731714E+03  0.3096731714E+03  -.2050884022E+08  0.1000000000E+01
L2 0.1000000000E+01  0.0000000000E+00  0.0000000000E+00  0.0000000000E+00
L3 0.0000000000E+00  0.0000000000E+00  0.0000000000E+00  0.0000000000E+00
L4 0.0000000000E+00  0.0000000000E+00  0.0000000000E+00  0.0000000000E+00
L5 0.0000000000E+00  0.0000000000E+00  0.0000000000E+00  0.0000000000E+00
L6 0.0000000000E+00  -.4063037457E+02  -.3157169218E+01  -.5362003679E+02
L7 -.2995050130E+02  0.7617248520E+01  0.3322527508E+02  0.1813351204E+02
L8 0.2278579758E+01  -.1515728265E+02  0.0000000000E+00  0.0000000000E+00
L9 0.0000000000E+00  0.0000000000E+00  0.0000000000E+00  0.0000000000E+00  0.0000000000E+00
L0    12500  0.2500000000E+02  -.2746790862E+02  0.1889107323E+02
L1 0.2796005064E+03  0.2796005064E+03  -.2784543204E+08  0.1000000000E+01
L2 0.1000000000E+01  0.0000000000E+00  0.0000000000E+00  0.0000000000E+00
L3 0.0000000000E+00  0.0000000000E+00  0.0000000000E+00  0.0000000000E+00
L4 0.0000000000E+00  0.0000000000E+00  0.0000000000E+00  0.0000000000E+00
L5 0.0000000000E+00  0.0000000000E+00  0.0000000000E+00  0.0000000000E+00
L6 0.0000000000E+00  -.4635898184E+02  -.2922112742E+01  -.5124090953E+02
L7 -.3270678579E+02  0.2451366304E+01  0.2953321674E+02  0.1989959292E+02
L8 0.1697118182E+01  -.1307046793E+02  0.0000000000E+00  0.0000000000E+00
L9 0.0000000000E+00  0.0000000000E+00  0.0000000000E+00  0.0000000000E+00  0.0000000000E+00
L0    13000  0.2600000000E+02  -.3254561712E+02  0.1302555752E+02
L1 0.1927869547E+03  0.1927869547E+03  -.3315095999E+08  0.1000000000E+01
L2 0.1000000000E+01  0.0000000000E+00  0.0000000000E+00  0.0000000000E+00
L3 0.0000000000E+00  0.0000000000E+00  0.0000000000E+00  0.0000000000E+00
L4 0.0000000000E+00  0.0000000000E+00  0.0000000000E+00  0.0000000000E+00
L5 0.0000000000E+00  0.0000000000E+00  0.0000000000E+00  0.0000000000E+00
L6 0.0000000000E+00  -.4557117464E+02  -.3012172666E+01  -.5242759421E+02
L7 -.3073807342E+02  0.3091697508E+01  0.3206684590E+02  0.1780232365E+02
L8 0.2879477605E+01  -.1523367901E+02  0.0000000000E+00  0.0000000000E+00
L9 0.0000000000E+00  0.0000000000E+00  0.0000000000E+00  0.0000000000E+00  0.0000000000E+00
L0    13500  0.2700000000E+02  -.2607338583E+02  0.1677191925E+02
L1 0.2482356116E+03  0.2482356116E+03  -.2677243292E+08  0.1000000000E+01
L2 0.1000000000E+01  0.0000000000E+00  0.0000000000E+00  0.0000000000E+00
L3 0.0000000000E+00  0.0000000000E+00  0.0000000000E+00  0.0000000000E+00
L4 0.0000000000E+00  0.0000000000E+00  0.0000000000E+00  0.0000000000E+00
L5 0.0000000000E+00  0.0000000000E+00  0.0000000000E+00  0.0000000000E+00
L6 0.0000000000E+00  -.4284530508E+02  -.2796948262E+01  -.5589814266E+02
L7 -.2869327678E+02  0.2863496927E+01  0.3175586434E+02  0.2065234343E+02
L8 0.2381606641E+01  -.1311024872E+02  0.0000000000E+00  0.0000000000E+00
L9 0.0000000000E+00  0.0000000000E+00  0.0000000000E+00  0.0000000000E+00  0.0000000000E+00
L0    14000  0.2800000000E+02  -.1918695868E+02  0.2203077888E+02
L1 0.3260702480E+03  0.3260702480E+03  -.1988912047E+08  0.1000000000E+01
L2 0.1000000000E+01  0.0000000000E+00  0.0000000000E+00  0.0000000000E+00
L3 0.0000000000E+00  0.0000000000E+00  0.0000000000E+00  0.0000000000E+00
L4 0.0000000000E+00  0.0000000000E+00  0.0000000000E+00  0.0000000000E+00
L5 0.0000000000E+00  0.0000000000E+00  0.0000000000E+00  0.0000000000E+00
L6 0.0000000000E+00  -.4121773756E+02  -.3122765421E+01  -.5487588826E+02
L7 -.3139535903E+02  0.7025179707E+01  0.2876746916E+02  0.1936461996E+02
L8 0.2830993954E+01  -.9811987630E+01  0.0000000000E+00  0.0000000000E+00
L9 0.0000000000E+00  0.0000000000E+00  0.0000000000E+00  0.0000000000E+00  0.0000000000E+00
L0    14500  0.2900000000E+02  -.2707836173E+02  0.1580118752E+02
L1 0.2338681333E+03  0.2338681333E+03  -.2782886431E+08  0.1000000000E+01
L2 0.1000000000E+01  0.0000000000E+00  0.0000000000E+00  0.0000000000E+00
L3 0.0000000000E+00  0.0000000000E+00  0.0000000000E+00  0.0000000000E+00
L4 0.0000000000E+00  0.0000000000E+00  0.0000000000E+00  0.0000000000E+00
L5 0.0000000000E+00  0.0000000000E+00  0.0000000000E+00  0.0000000000E+00
L6 0.0000000000E+00  -.4287954924E+02  -.9517674530E+00  -.5793870261E+02
L7 -.3091816001E+02  0.4632529192E+01  0.2750546316E+02  0.2103707636E+02
L8 0.2511854717E+01  -.8757842592E+01  0.0000000000E+00  0.0000000000E+00
L9 0.0000000000E+00  0.0000000000E+00  0.0000000000E+00  0.0000000000E+00  0.0000000000E+00
L0    15000  0.3000000000E+02  -.2646511792E+02  0.1772620773E+02
L1 0.2623597188E+03  0.2623597188E+03  -.2690874624E+08  0.1000000000E+01
L2 0.1000000000E+01  0.0000000000E+00  0.0000000000E+00  0.0000000000E+00
L3 0.0000000000E+00  0.0000000000E+00  0.0000000000E+00  0.0000000000E+00
L4 0.0000000000E+00  0.0000000000E+00  0.0000000000E+00  0.0000000000E+00
L5 0.0000000000E+00  0.0000000000E+00  0.0000000000E+00  0.0000000000E+00
L6 0.0000000000E+00  -.4419132566E+02  -.1936349378E+01  -.5611621050E+02
L7 -.2758373791E+02  0.3107160762E+01  0.2936336620E+02  0.2011006226E+02
L8 0.2574488141E+01  -.1371010523E+02  0.0000000000E+00  0.0000000000E+00
L9 0.0000000000E+00  0.0000000000E+00  0.0000000000E+00  0.0000000000E+00  0.0000000000E+00
L0    15500  0.3100000000E+02  -.2407396885E+02  0.2078587914E+02
L1 0.3076448999E+03  0.3076448999E+03  -.2453277203E+08  0.1000000000E+01
L2 0.1000000000E+01  0.0000000000E+00  0.0000000000E+00  0.0000000000E+00
L3 0.0000000000E+00  0.0000000000E+00  0.0000000000E+00  0.0000000000E+00
L4 0.0000000000E+00  0.0000000000E+00  0.0000000000E+00  0.0000000000E+00
L5 0.0000000000E+00  0.0000000000E+00  0.0000000000E+00  0.0000000000E+00
L6 0.0000000000E+00  -.4485984799E+02  -.2272939359E+01  -.5802758075E+02
L7 -.2738455486E+02  0.2951472932E+01  0.2775211451E+02  0.2009598310E+02
L8 0.3451480112E+01  -.1142582368E+02  0.0000000000E+00  0.0000000000E+00
L9 0.0000000000E+00  0.0000000000E+00  0.0000000000E+00  0.0000000000E+00  0.0000000000E+00
L0    16000  0.3200000000E+02  -.1338065461E+02  0.2599586487E+02
L1 0.3847561700E+03  0.3847561700E+03  -.1408672456E+08  0.1000000000E+01
L2 0.1000000000E+01  0.0000000000E+00  0.0000000000E+00  0.0000000000E+00
L3 0.0000000000E+00  0.0000000000E+00  0.0000000000E+00  0.0000000000E+00
L4 0.0000000000E+00  0.0000000000E+00  0.0000000000E+00  0.0000000000E+00
L5 0.0000000000E+00  0.0000000000E+00  0.0000000000E+00  0.0000000000E+00
L6 0.0000000000E+00  -.3937651948E+02  -.2565290364E+01  -.5396267631E+02
L7 -.2874259898E+02  0.3550918298E+01  0.3146459457E+02  0.2284694620E+02
L8 0.2361088418E+01  -.1432950132E+02  0.0000000000E+00  0.0000000000E+00
L9 0.0000000000E+00  0.0000000000E+00  0.0000000000E+00  0.0000000000E+00  0.0000000000E+00
L0    16500  0.3300000000E+02  -.2652530339E+02  0.1576438713E+02
L1 0.2333234630E+03  0.2333234630E+03  -.2727119877E+08  0.1000000000E+01
L2 0.1000000000E+01  0.0000000000E+00  0.0000000000E+00  0.0000000000E+00
L3 0.0000000000E+00  0.0000000000E+00  0.0000000000E+00  0.0000000000E+00
L4 0.0000000000E+00  0.0000000000E+00  0.0000000000E+00  0.0000000000E+00
L5 0.0000000000E+00  0.0000000000E+00  0.0000000000E+00  0.0000000000E+00
L6 0.0000000000E+00  -.4228969052E+02  -.3165566488E+01  -.5318380014E+02
L7 -.3010588441E+02  0.2369316581E+01  0.3295140213E+02  0.1931018170E+02
L8 0.2681566342E+01  -.1314690623E+02  0.0000000000E+00  0.0000000000E+00
L9 0.0000000000E+00  0.0000000000E+00  0.0000000000E+00  0.0000000000E+00  0.0000000000E+00
L0    17000  0.3400000000E+02  -.2230966497E+02  0.1903629684E+02
L1 0.2817499130E+03  0.2817499130E+03  -.2295996022E+08  0.1000000000E+01
L2 0.1000000000E+01  0.0000000000E+00  0.0000000000E+00  0.0000000000E+00
L3 0.0000000000E+00  0.0000000000E+00  0.0000000000E+00  0.0000000000E+00
L4 0.0000000000E+00  0.0000000000E+00  0.0000000000E+00  0.0000000000E+00
L5 0.0000000000E+00  0.0000000000E+00  0.0000000000E+00  0.0000000000E+00
L6 0.0000000000E+00  -.4134596181E+02  -.2893839621E+01  -.5240591451E+02
L7 -.2861045728E+02  0.2567469002E+01  0.3260700110E+02  0.2143249492E+02
L8 0.2760743514E+01  -.1680345894E+02  0.0000000000E+00  0.0000000000E+00
L9 0.0000000000E+00  0.0000000000E+00  0.0000000000E+00  0.0000000000E+00  0.0000000000E+00
L0    17500  0.3500000000E+02  -.1669081785E+02  0.1979072952E+02
L1 0.2929160207E+03  0.2929160207E+03  -.1778030302E+08  0.1000000000E+01
L2 0.1000000000E+01  0.0000000000E+00  0.0000000000E+00  0.0000000000E+00
L3 0.0000000000E+00  0.0000000000E+00  0.0000000000E+00  0.0000000000E+00
L4 0.0000000000E+00  0.0000000000E+00  0.0000000000E+00  0.0000000000E+00
L5 0.0000000000E+00  0.0000000000E+00  0.0000000000E+00  0.0000000000E+00
L6 0.0000000000E+00  -.3648154737E+02  -.2993812173E+01  -.5724072986E+02
L7 -.2951706946E+02  0.4419588203E+01  0.2980626649E+02  0.2532473849E+02
L8 0.2491359401E+01  -.8771888477E+01  0.0000000000E+00  0.0000000000E+00
L9 0.0000000000E+00  0.0000000000E+00  0.0000000000E+00  0.0000000000E+00  0.0000000000E+00
L0    18000  0.3600000000E+02  -.2468598647E+02  0.2000526047E+02
L1 0.2960912221E+03  0.2960912221E+03  -.2539012046E+08  0.1000000000E+01
L2 0.1000000000E+01  0.0000000000E+00  0.0000000000E+00  0.0000000000E+00
L3 0.0000000000E+00  0.0000000000E+00  0.0000000000E+00  0.0000000000E+00
L4 0.0000000000E+00  0.0000000000E+00  0.0000000000E+00  0.0000000000E+00
L5 0.0000000000E+00  0.0000000000E+00  0.0000000000E+00  0.0000000000E+00
L6 0.0000000000E+00  -.4469124694E+02  -.3126544830E+01  -.5585209280E+02
L7 -.2887863949E+02  0.4224530405E+01  0.2823273639E+02  0.2124907097E+02
L8 0.2156218320E+01  -.1269652590E+02  0.0000000000E+00  0.0000000000E+00
L9 0.0000000000E+00  0.0000000000E+00  0.0000000000E+00  0.0000000000E+00  0.0000000000E+00
L0    18500  0.3700000000E+02  -.2798574259E+02  0.1457931519E+02
L1 0.2157836064E+03  0.2157836064E+03  -.2877465345E+08  0.1000000000E+01
L2 0.1000000000E+01  0.0000000000E+00  0.0000000000E+00  0.0000000000E+00
L3 0.0000000000E+00  0.0000000000E+00  0.0000000000E+00  0.0000000000E+00
L4 0.0000000000E+00  0.0000000000E+00  0.0000000000E+00  0.0000000000E+00
L5 0.0000000000E+00  0.0000000000E+00  0.0000000000E+00  0.0000000000E+00
L6 0.0000000000E+00  -.4256505777E+02  -.2627270372E+01  -.5650279567E+02
L7 -.2829550017E+02  0.3957120911E+01  0.3065305826E+02  0.1991165755E+02
L8 0.3457609477E+01  -.1311893776E+02  0.0000000000E+00  0.0000000000E+00
L9 0.0000000000E+00  0.0000000000E+00  0.0000000000E+00  0.0000000000E+00  0.0000000000E+00
L0    19000  0.3800000000E+02  -.2178856963E+02  0.2051786041E+02
L1 0.3036780437E+03  0.3036780437E+03  -.2253515548E+08  0.1000000000E+01
L2 0.1000000000E+01  0.0000000000E+00  0.0000000000E+00  0.0000000000E+00
L3 0.0000000000E+00  0.0000000000E+00  0.0000000000E+00  0.0000000000E+00
L4 0.0000000000E+00  0.0000000000E+00  0.0000000000E+00  0.0000000000E+00
L5 0.0000000000E+00  0.0000000000E+00  0.0000000000E+00  0.0000000000E+00
L6 0.0000000000E+00  -.4230643004E+02  -.2873754856E+01  -.5308447307E+02
L7 -.3048467524E+02  0.5603037047E+01  0.3057660038E+02  0.1945605784E+02
L8 0.1260193039E+01  -.1275941518E+02  0.0000000000E+00  0.0000000000E+00
L9 0.0000000000E+00  0.0000000000E+00  0.0000000000E+00  0.0000000000E+00  0.0000000000E+00
L0    19500  0.3900000000E+02  -.1946387131E+02  0.1926805115E+02
L1 0.2851800315E+03  0.2851800315E+03  -.2017656929E+08  0.1000000000E+01
L2 0.1000000000E+01  0.0000000000E+00  0.0000000000E+00  0.0000000000E+00
L3 0.0000000000E+00  0.0000000000E+00  0.0000000000E+00  0.0000000000E+00
L4 0.0000000000E+00  0.0000000000E+00  0.0000000000E+00  0.0000000000E+00
L5 0.0000000000E+00  0.0000000000E+00  0.0000000000E+00  0.0000000000E+00
L6 0.0000000000E+00  -.3873192246E+02  -.2423500811E+01  -.5216327900E+02
L7 -.3255733241E+02  0.5473071928E+01  0.3137079106E+02  0.2119435217E+02
L8 0.2565540421E+01  -.1219156582E+02  0.0000000000E+00  0.0000000000E+00
L9 0.0000000000E+00  0.0000000000E+00  0.0000000000E+00  0.0000000000E+00  0.0000000000E+00
L0    20000  0.4000000000E+02  -.2034267964E+02  0.2121305084E+02
L1 0.3139673266E+03  0.3139673266E+03  -.2112785878E+08  0.1000000000E+01
L2 0.1000000000E+01  0.0000000000E+00  0.0000000000E+00  0.0000000000E+00
L3 0.0000000000E+00  0.0000000000E+00  0.0000000000E+00  0.0000000000E+00
L4 0.0000000000E+00  0.0000000000E+00  0.0000000000E+00  0.0000000000E+00
L5 0.0000000000E+00  0.0000000000E+00  0.0000000000E+00  0.0000000000E+00
L6 0.0000000000E+00  -.4155573048E+02  -.3149504212E+01  -.5352480144E+02
L7 -.2756538377E+02  0.4612843744E+01  0.3002953447E+02  0.2057898437E+02
L8 0.2421966448E+01  -.1495937009E+02  0.0000000000E+00  0.0000000000E+00
L9 0.0000000000E+00  0.0000000000E+00  0.0000000000E+00  0.0000000000E+00  0.0000000000E+00
L0    20500  0.4100000000E+02  -.2523433643E+02  0.1884477806E+02
L1 0.2789153070E+03  0.2789153070E+03  -.2592796092E+08  0.1000000000E+01
L2 0.1000000000E+01  0.0000000000E+00  0.0000000000E+00  0.0000000000E+00
L3 0.0000000000E+00  0.0000000000E+00  0.0000000000E+00  0.0000000000E+00
L4 0.0000000000E+00  0.0000000000E+00  0.0000000000E+00  0.0000000000E+00
L5 0.0000000000E+00  0.0000000000E+00  0.0000000000E+00  0.0000000000E+00
L6 0.0000000000E+00  -.4407911449E+02  -.2986044667E+01  -.5500581620E+02
L7 -.2748357802E+02  0.3698997267E+01  0.2772007674E+02  0.2108266714E+02
L8 0.2178566703E+01  -.1328398346E+02  0.0000000000E+00  0.0000000000E+00
L9 0.0000000000E+00  0.0000000000E+00  0.0000000000E+00  0.0000000000E+00  0.0000000000E+00
L0    21000  0.4200000000E+02  -.2054605469E+02  0.1797057724E+02
L1 0.2659765507E+03  0.2659765507E+03  -.2138316712E+08  0.1000000000E+01
L2 0.1000000000E+01  0.0000000000E+00  0.0000000000E+00  0.0000000000E+00
L3 0.0000000000E+00  0.0000000000E+00  0.0000000000E+00  0.0000000000E+00
L4 0.0000000000E+00  0.0000000000E+00  0.0000000000E+00  0.0000000000E+00
L5 0.0000000000E+00  0.0000000000E+00  0.0000000000E+00  0.0000000000E+00
L6 0.0000000000E+00  -.3851663193E+02  -.2637480280E+01  -.5792044494E+02
L7 -.2845044268E+02  0.5520737490E+01  0.2895274779E+02  0.2332273864E+02
L8 0.3545057200E+01  -.1084954515E+02  0.0000000000E+00  0.0000000000E+00
L9 0.0000000000E+00  0.0000000000E+00  0.0000000000E+00  0.0000000000E+00  0.0000000000E+00
L0    21500  0.4300000000E+02  -.2424763335E+02  0.2379735374E+02
L1 0.3522167364E+03  0.3522167364E+03  -.2483689727E+08  0.1000000000E+01
L2 0.1000000000E+01  0.0000000000E+00  0.0000000000E+00  0.0000000000E+00
L3 0.0000000000E+00  0.0000000000E+00  0.0000000000E+00  0.0000000000E+00
L4 0.0000000000E+00  0.0000000000E+00  0.0000000000E+00  0.0000000000E+00
L5 0.0000000000E+00  0.0000000000E+00  0.0000000000E+00  0.0000000000E+00
L6 0.0000000000E+00  -.4804498710E+02  -.3036451829E+01  -.5553134752E+02
L7 -.2968490593E+02  0.2145972032E+01  0.2825789485E+02  0.1937577429E+02
L8 0.1672385583E+01  -.1124430859E+02  0.0000000000E+00  0.0000000000E+00
L9 0.0000000000E+00  0.0000000000E+00  0.0000000000E+00  0.0000000000E+00  0.0000000000E+00
L0    22000  0.4400000000E+02  -.1717309372E+02  0.2588953018E+02
L1 0.3831823456E+03  0.3831823456E+03  -.1794245331E+08  0.1000000000E+01
L2 0.1000000000E+01  0.0000000000E+00  0.0000000000E+00  0.0000000000E+00
L3 0.0000000000E+00  0.0000000000E+00  0.0000000000E+00  0.0000000000E+00
L4 0.0000000000E+00  0.0000000000E+00  0.0000000000E+00  0.0000000000E+00
L5 0.0000000000E+00  0.0000000000E+00  0.0000000000E+00  0.0000000000E+00
L6 0.0000000000E+00  -.4306262390E+02  -.2539610554E+01  -.5791896711E+02
L7 -.2939582999E+02  0.3269928889E+01  0.2953769951E+02  0.1946276326E+02
L8 0.3360501992E+01  -.8839109893E+01  0.0000000000E+00  0.0000000000E+00
L9 0.0000000000E+00  0.0000000000E+00  0.0000000000E+00  0.0000000000E+00  0.0000000000E+00
L0    22500  0.4500000000E+02  -.1804676897E+02  0.2586133957E+02
L1 0.3827651057E+03  0.3827651057E+03  -.1888135416E+08  0.1000000000E+01
L2 0.1000000000E+01  0.0000000000E+00  0.0000000000E+00  0.0000000000E+00
L3 0.0000000000E+00  0.0000000000E+00  0.0000000000E+00  0.0000000000E+00
L4 0.0000000000E+00  0.0000000000E+00  0.0000000000E+00  0.0000000000E+00
L5 0.0000000000E+00  0.0000000000E+00  0.0000000000E+00  0.0000000000E+00
L6 0.0000000000E+00  -.4390810854E+02  -.3069822905E+01  -.5422006428E+02
L7 -.2893119767E+02  0.3840712511E+01  0.2934491575E+02  0.2166900066E+02
L8 0.2406094460E+01  -.1494774706E+02  0.0000000000E+00  0.0000000000E+00
L9 0.0000000000E+00  0.0000000000E+00  0.0000000000E+00  0.0000000000E+00  0.0000000000E+00
L0    23000  0.4600000000E+02  -.1343148500E+02  0.2513339615E+02
L1 0.3719910567E+03  0.3719910567E+03  -.1434726220E+08  0.1000000000E+01
L2 0.1000000000E+01  0.0000000000E+00  0.0000000000E+00  0.0000000000E+00
L3 0.0000000000E+00  0.0000000000E+00  0.0000000000E+00  0.0000000000E+00
L4 0.0000000000E+00  0.0000000000E+00  0.0000000000E+00  0.0000000000E+00
L5 0.0000000000E+00  0.0000000000E+00  0.0000000000E+00  0.0000000000E+00
L6 0.0000000000E+00  -.3856488115E+02  -.2492098504E+01  -.5864622267E+02
L7 -.2693536414E+02  0.4446518145E+01  0.3151351214E+02  0.1873512005E+02
L8 0.3397145412E+01  -.8583491591E+01  0.0000000000E+00  0.0000000000E+00
L9 0.0000000000E+00  0.0000000000E+00  0.0000000000E+00  0.0000000000E+00  0.0000000000E+00
L0    23500  0.4700000000E+02  -.2525395392E+02  0.1737379837E+02
L1 0.2571438247E+03  0.2571438247E+03  -.2606562040E+08  0.1000000000E+01
L2 0.1000000000E+01  0.0000000000E+00  0.0000000000E+00  0.0000000000E+00
L3 0.0000000000E+00  0.0000000000E+00  0.0000000000E+00  0.0000000000E+00
L4 0.0000000000E+00  0.0000000000E+00  0.0000000000E+00  0.0000000000E+00
L5 0.0000000000E+00  0.0000000000E+00  0.0000000000E+00  0.0000000000E+00
L6 0.0000000000E+00  -.4262775229E+02  -.3070965848E+01  -.6126624474E+02
L7 -.2637387421E+02  0.3501898006E+01  0.3042400034E+02  0.1729601519E+02
L8 0.4436088463E+01  -.7574669492E+01  0.0000000000E+00  0.0000000000E+00
L9 0.0000000000E+00  0.0000000000E+00  0.0000000000E+00  0.0000000000E+00  0.0000000000E+00
L0    24000  0.4800000000E+02  -.2099077365E+02  0.2163193130E+02
L1 0.3201670374E+03  0.3201670374E+03  -.2181042240E+08  0.1000000000E+01
L2 0.1000000000E+01  0.0000000000E+00  0.0000000000E+00  0.0000000000E+00
L3 0.0000000000E+00  0.0000000000E+00  0.0000000000E+00  0.0000000000E+00
L4 0.0000000000E+00  0.0000000000E+00  0.0000000000E+00  0.0000000000E+00
L5 0.0000000000E+00  0.0000000000E+00  0.0000000000E+00  0.0000000000E+00
L6 0.0000000000E+00  -.4262270496E+02  -.2528460323E+01  -.5787433254E+02
L7 -.2645043614E+02  0.3140403326E+01  0.3235046136E+02  0.1864367024E+02
L8 0.2756217923E+01  -.1266022880E+02  0.0000000000E+00  0.0000000000E+00
L9 0.0000000000E+00  0.0000000000E+00  0.0000000000E+00  0.0000000000E+00  0.0000000000E+00
L0    24500  0.4900000000E+02  -.2473556496E+02  0.1665061188E+02
L1 0.2464401814E+03  0.2464401814E+03  -.2542005135E+08  0.1000000000E+01
L2 0.1000000000E+01  0.0000000000E+00  0.0000000000E+00  0.0000000000E+00
L3 0.0000000000E+00  0.0000000000E+00  0.0000000000E+00  0.0000000000E+00
L4 0.0000000000E+00  0.0000000000E+00  0.0000000000E+00  0.0000000000E+00
L5 0.0000000000E+00  0.0000000000E+00  0.0000000000E+00  0.0000000000E+00
L6 0.0000000000E+00  -.4138617683E+02  -.1983825401E+01  -.5411794912E+02
L7 -.2813134892E+02  0.3815749296E+01  0.3360930512E+02  0.1833156155E+02
L8 0.2014382531E+01  -.1492405189E+02  0.0000000000E+00  0.0000000000E+00
L9 0.0000000000E+00  0.0000000000E+00  0.0000000000E+00  0.0000000000E+00  0.0000000000E+00
L0    25000  0.5000000000E+02  -.1509947387E+02  0.2263973236E+02
L1 0.3350831664E+03  0.3350831664E+03  -.1614391128E+08  0.1000000000E+01
L2 0.1000000000E+01  0.0000000000E+00  0.0000000000E+00  0.0000000000E+00
L3 0.0000000000E+00  0.0000000000E+00  0.0000000000E+00  0.0000000000E+00
L4 0.0000000000E+00  0.0000000000E+00  0.0000000000E+00  0.0000000000E+00
L5 0.0000000000E+00  0.0000000000E+00  0.0000000000E+00  0.0000000000E+00
L6 0.0000000000E+00  -.3773920623E+02  -.3212084088E+01  -.5085202289E+02
L7 -.2978016184E+02  0.6145199307E+01  0.3448573250E+02  0.1931579163E+02
L8 0.1976067931E+01  -.1581772877E+02  0.0000000000E+00  0.0000000000E+00
L9 0.0000000000E+00  0.0000000000E+00  0.0000000000E+00  0.0000000000E+00  0.0000000000E+00
L0    25500  0.5100000000E+02  -.2082907861E+02  0.1743943405E+02
L1 0.2581152767E+03  0.2581152767E+03  -.2196569436E+08  0.1000000000E+01
L2 0.1000000000E+01  0.0000000000E+00  0.0000000000E+00  0.0000000000E+00
L3 0.0000000000E+00  0.0000000000E+00  0.0000000000E+00  0.0000000000E+00
L4 0.0000000000E+00  0.0000000000E+00  0.0000000000E+00  0.0000000000E+00
L5 0.0000000000E+00  0.0000000000E+00  0.0000000000E+00  0.0000000000E+00
L6 0.0000000000E+00  -.3826851266E+02  -.2332694170E+01  -.5307751079E+02
L7 -.3267387031E+02  0.8730754686E+01  0.3025827680E+02  0.2081978496E+02
L8 0.1928105624E+01  -.1192135946E+02  0.0000000000E+00  0.0000000000E+00
L9 0.0000000000E+00  0.0000000000E+00  0.0000000000E+00  0.0000000000E+00  0.0000000000E+00
L0    26000  0.5200000000E+02  -.2326244846E+02  0.2010148048E+02
L1 0.2975153426E+03  0.2975153426E+03  -.2396692196E+08  0.1000000000E+01
L2 0.1000000000E+01  0.0000000000E+00  0.0000000000E+00  0.0000000000E+00
L3 0.0000000000E+00  0.0000000000E+00  0.0000000000E+00  0.0000000000E+00
L4 0.0000000000E+00  0.0000000000E+00  0.0000000000E+00  0.0000000000E+00
L5 0.0000000000E+00  0.0000000000E+00  0.0000000000E+00  0.0000000000E+00
L6 0.0000000000E+00  -.4336392894E+02  -.2871216557E+01  -.5459072890E+02
L7 -.2989385293E+02  0.2681078392E+01  0.3097650898E+02  0.2056036818E+02
L8 0.2170963365E+01  -.1239704947E+02  0.0000000000E+00  0.0000000000E+00
L9 0.0000000000E+00  0.0000000000E+00  0.0000000000E+00  0.0000000000E+00  0.0000000000E+00
L0    26500  0.5300000000E+02  -.2732654902E+02  0.1624899673E+02
L1 0.2404960089E+03  0.2404960089E+03  -.2796625945E+08  0.1000000000E+01
L2 0.1000000000E+01  0.0000000000E+00  0.0000000000E+00  0.0000000000E+00
L3 0.0000000000E+00  0.0000000000E+00  0.0000000000E+00  0.0000000000E+00
L4 0.0000000000E+00  0.0000000000E+00  0.0000000000E+00  0.0000000000E+00
L5 0.0000000000E+00  0.0000000000E+00  0.0000000000E+00  0.0000000000E+00
L6 0.0000000000E+00  -.4357554575E+02  -.2787776315E+01  -.5266839135E+02
L7 -.3110363194E+02  0.5532038201E+01  0.2872373782E+02  0.2085323782E+02
L8 0.1881965234E+01  -.1400672523E+02  0.0000000000E+00  0.0000000000E+00
L9 0.0000000000E+00  0.0000000000E+00  0.0000000000E+00  0.0000000000E+00  0.0000000000E+00
L0    27000  0.5400000000E+02  -.2584259784E+02  0.2133453178E+02
L1 0.3157653257E+03  0.3157653257E+03  -.2636787975E+08  0.1000000000E+01
L2 0.1000000000E+01  0.0000000000E+00  0.0000000000E+00  0.0000000000E+00
L3 0.0000000000E+00  0.0000000000E+00  0.0000000000E+00  0.0000000000E+00
L4 0.0000000000E+00  0.0000000000E+00  0.0000000000E+00  0.0000000000E+00
L5 0.0000000000E+00  0.0000000000E+00  0.0000000000E+00  0.0000000000E+00
L6 0.0000000000E+00  -.4717712963E+02  -.2662706916E+01  -.5258810779E+02
L7 -.3087583781E+02  0.2832430468E+01  0.2641141622E+02  0.1972294794E+02
L8 0.2762415666E+01  -.1277968741E+02  0.0000000000E+00  0.0000000000E+00
L9 0.0000000000E+00  0.0000000000E+00  0.0000000000E+00  0.0000000000E+00  0.0000000000E+00
L0    27500  0.5500000000E+02  -.1435020205E+02  0.2519325638E+02
L1 0.3728770280E+03  0.3728770280E+03  -.1519415232E+08  0.1000000000E+01
L2 0.1000000000E+01  0.0000000000E+00  0.0000000000E+00  0.0000000000E+00
L3 0.0000000000E+00  0.0000000000E+00  0.0000000000E+00  0.0000000000E+00
L4 0.0000000000E+00  0.0000000000E+00  0.0000000000E+00  0.0000000000E+00
L5 0.0000000000E+00  0.0000000000E+00  0.0000000000E+00  0.0000000000E+00
L6 0.0000000000E+00  -.3954345843E+02  -.2491043418E+01  -.5653542530E+02
L7 -.2711075401E+02  0.4240600528E+01  0.3189898946E+02  0.2112456672E+02
L8 0.1968894441E+01  -.1263928685E+02  0.0000000000E+00  0.0000000000E+00
L9 0.0000000000E+00  0.0000000000E+00  0.0000000000E+00  0.0000000000E+00  0.0000000000E+00
L0    28000  0.5600000000E+02  -.2032492579E+02  0.1981795120E+02
L1 0.2933189198E+03  0.2933189198E+03  -.2111839999E+08  0.1000000000E+01
L2 0.1000000000E+01  0.0000000000E+00  0.0000000000E+00  0.0000000000E+00
L3 0.0000000000E+00  0.0000000000E+00  0.0000000000E+00  0.0000000000E+00
L4 0.0000000000E+00  0.0000000000E+00  0.0000000000E+00  0.0000000000E+00
L5 0.0000000000E+00  0.0000000000E+00  0.0000000000E+00  0.0000000000E+00
L6 0.0000000000E+00  -.4014287700E+02  -.2823258213E+01  -.5297831285E+02
L7 -.3000157563E+02  0.5043239547E+01  0.2777870096E+02  0.2304575350E+02
L8 0.3027105599E+01  -.1323452991E+02  0.0000000000E+00  0.0000000000E+00
L9 0.0000000000E+00  0.0000000000E+00  0.0000000000E+00  0.0000000000E+00  0.0000000000E+00
L0    28500  0.5700000000E+02  -.2044356631E+02  0.2032787704E+02
L1 0.3008661630E+03  0.3008661630E+03  -.2144612597E+08  0.1000000000E+01
L2 0.1000000000E+01  0.0000000000E+00  0.0000000000E+00  0.0000000000E+00
L3 0.0000000000E+00  0.0000000000E+00  0.0000000000E+00  0.0000000000E+00
L4 0.0000000000E+00  0.0000000000E+00  0.0000000000E+00  0.0000000000E+00
L5 0.0000000000E+00  0.0000000000E+00  0.0000000000E+00  0.0000000000E+00
L6 0.0000000000E+00  -.4077144336E+02  -.2662289041E+01  -.5826205848E+02
L7 -.2683778697E+02  0.5113638842E+01  0.3087337337E+02  0.1860922669E+02
L8 0.4090143220E+01  -.1169569098E+02  0.0000000000E+00  0.0000000000E+00
L9 0.0000000000E+00  0.0000000000E+00  0.0000000000E+00  0.0000000000E+00  0.0000000000E+00
L0    29000  0.5800000000E+02  -.2265360026E+02  0.1695351791E+02
L1 0.2509233931E+03  0.2509233931E+03  -.2389611201E+08  0.1000000000E+01
L2 0.1000000000E+01  0.0000000000E+00  0.0000000000E+00  0.0000000000E+00
L3 0.0000000000E+00  0.0000000000E+00  0.0000000000E+00  0.0000000000E+00
L4 0.0000000000E+00  0.0000000000E+00  0.0000000000E+00  0.0000000000E+00
L5 0.0000000000E+00  0.0000000000E+00  0.0000000000E+00  0.0000000000E+00
L6 0.0000000000E+00  -.3960711817E+02  -.2633041295E+01  -.5618601857E+02
L7 -.2820734384E+02  0.3831336690E+01  0.3262858912E+02  0.1987728090E+02
L8 0.2426954088E+01  -.1134487526E+02  0.0000000000E+00  0.0000000000E+00
L9 0.0000000000E+00  0.0000000000E+00  0.0000000000E+00  0.0000000000E+00  0.0000000000E+00
L0    29500  0.5900000000E+02  -.2076387720E+02  0.1935022163E+02
L1 0.2863962096E+03  0.2863962096E+03  -.2136074190E+08  0.1000000000E+01
L2 0.1000000000E+01  0.0000000000E+00  0.0000000000E+00  0.0000000000E+00
L3 0.0000000000E+00  0.0000000000E+00  0.0000000000E+00  0.0000000000E+00
L4 0.0000000000E+00  0.0000000000E+00  0.0000000000E+00  0.0000000000E+00
L5 0.0000000000E+00  0.0000000000E+00  0.0000000000E+00  0.0000000000E+00
L6 0.0000000000E+00  -.4011409883E+02  -.2846130294E+01  -.5163775082E+02
L7 -.3087140055E+02  0.5198569850E+01  0.3218576338E+02  0.2026315901E+02
L8 0.2518859938E+01  -.1492516934E+02  0.0000000000E+00  0.0000000000E+00
L9 0.0000000000E+00  0.0000000000E+00  0.0000000000E+00  0.0000000000E+00  0.0000000000E+00
L0    30000  0.6000000000E+02  -.2131949604E+02  0.1945936966E+02
L1 0.2880116733E+03  0.2880116733E+03  -.2209469593E+08  0.1000000000E+01
L2 0.1000000000E+01  0.0000000000E+00  0.0000000000E+00  0.0000000000E+00
L3 0.0000000000E+00  0.0000000000E+00  0.0000000000E+00  0.0000000000E+00
L4 0.0000000000E+00  0.0000000000E+00  0.0000000000E+00  0.0000000000E+00
L5 0.0000000000E+00  0.0000000000E+00  0.0000000000E+00  0.0000000000E+00
L6 0.0000000000E+00  -.4077886570E+02  -.3090287403E+01  -.4990409250E+02
L7 -.2926123085E+02  0.4976395211E+01  0.2952595360E+02  0.2180615314E+02
L8 0.1695189329E+01  -.1652694622E+02  0.0000000000E+00  0.0000000000E+00
L9 0.0000000000E+00  0.0000000000E+00  0.0000000000E+00  0.0000000000E+00  0.0000000000E+00
L0    30500  0.6100000000E+02  -.2490272039E+02  0.1944478798E+02
L1 0.2877958547E+03  0.2877958547E+03  -.2551116270E+08  0.1000000000E+01
L2 0.1000000000E+01  0.0000000000E+00  0.0000000000E+00  0.0000000000E+00
L3 0.0000000000E+00  0.0000000000E+00  0.0000000000E+00  0.0000000000E+00
L4 0.0000000000E+00  0.0000000000E+00  0.0000000000E+00  0.0000000000E+00
L5 0.0000000000E+00  0.0000000000E+00  0.0000000000E+00  0.0000000000E+00
L6 0.0000000000E+00  -.4434750837E+02  -.3054267139E+01  -.5587998567E+02
L7 -.2880003251E+02  0.2977212524E+01  0.3132927280E+02  0.1906552454E+02
L8 0.2709674031E+01  -.1269490695E+02  0.0000000000E+00  0.0000000000E+00
L9 0.0000000000E+00  0.0000000000E+00  0.0000000000E+00  0.0000000000E+00  0.0000000000E+00
L0    31000  0.6200000000E+02  -.1967619971E+02  0.2247019005E+02
L1 0.3325738269E+03  0.3325738269E+03  -.2026645163E+08  0.1000000000E+01
L2 0.1000000000E+01  0.0000000000E+00  0.0000000000E+00  0.0000000000E+00
L3 0.0000000000E+00  0.0000000000E+00  0.0000000000E+00  0.0000000000E+00
L4 0.0000000000E+00  0.0000000000E+00  0.0000000000E+00  0.0000000000E+00
L5 0.0000000000E+00  0.0000000000E+00  0.0000000000E+00  0.0000000000E+00
L6 0.0000000000E+00  -.4214638976E+02  -.2786766008E+01  -.5738431592E+02
L7 -.2807715286E+02  0.3348742532E+01  0.2947106875E+02  0.2295559740E+02
L8 0.2208347431E+01  -.1188191108E+02  0.0000000000E+00  0.0000000000E+00
L9 0.0000000000E+00  0.0000000000E+00  0.0000000000E+00  0.0000000000E+00  0.0000000000E+00
L0    31500  0.6300000000E+02  -.2449903808E+02  0.1595552826E+02
L1 0.2361524794E+03  0.2361524794E+03  -.2498620162E+08  0.1000000000E+01
L2 0.1000000000E+01  0.0000000000E+00  0.0000000000E+00  0.0000000000E+00
L3 0.0000000000E+00  0.0000000000E+00  0.0000000000E+00  0.0000000000E+00
L4 0.0000000000E+00  0.0000000000E+00  0.0000000000E+00  0.0000000000E+00
L5 0.0000000000E+00  0.0000000000E+00  0.0000000000E+00  0.0000000000E+00
L6 0.0000000000E+00  -.4045456634E+02  -.2255340134E+01  -.5604430837E+02
L7 -.2786704748E+02  0.6884912070E+01  0.2892469273E+02  0.2127358759E+02
L8 0.1716958451E+01  -.1308802120E+02  0.0000000000E+00  0.0000000000E+00
L9 0.0000000000E+00  0.0000000000E+00  0.0000000000E+00  0.0000000000E+00  0.0000000000E+00
L0    32000  0.6400000000E+02  -.2195857271E+02  0.2240297890E+02
L1 0.3315790569E+03  0.3315790569E+03  -.2276438936E+08  0.1000000000E+01
L2 0.1000000000E+01  0.0000000000E+00  0.0000000000E+00  0.0000000000E+00
L3 0.0000000000E+00  0.0000000000E+00  0.0000000000E+00  0.0000000000E+00
L4 0.0000000000E+00  0.0000000000E+00  0.0000000000E+00  0.0000000000E+00
L5 0.0000000000E+00  0.0000000000E+00  0.0000000000E+00  0.0000000000E+00
L6 0.0000000000E+00  -.4436155160E+02  -.2715179955E+01  -.5256927070E+02
L7 -.3177237374E+02  0.6180127040E+01  0.2825503992E+02  0.1956636589E+02
L8 0.1790888100E+01  -.1309714817E+02  0.0000000000E+00  0.0000000000E+00
L9 0.0000000000E+00  0.0000000000E+00  0.0000000000E+00  0.0000000000E+00  0.0000000000E+00
L0    32500  0.6500000000E+02  -.1963519036E+02  0.2197580719E+02
L1 0.3252566302E+03  0.3252566302E+03  -.2041361367E+08  0.1000000000E+01
L2 0.1000000000E+01  0.0000000000E+00  0.0000000000E+00  0.0000000000E+00
L3 0.0000000000E+00  0.0000000000E+00  0.0000000000E+00  0.0000000000E+00
L4 0.0000000000E+00  0.0000000000E+00  0.0000000000E+00  0.0000000000E+00
L5 0.0000000000E+00  0.0000000000E+00  0.0000000000E+00  0.0000000000E+00
L6 0.0000000000E+00  -.4161099755E+02  -.3013494692E+01  -.5442049748E+02
L7 -.2985142741E+02  0.1738956970E+01  0.3392807683E+02  0.1915792878E+02
L8 0.2141478987E+01  -.1129201953E+02  0.0000000000E+00  0.0000000000E+00
L9 0.0000000000E+00  0.0000000000E+00  0.0000000000E+00  0.0000000000E+00  0.0000000000E+00
L0    33000  0.6600000000E+02  -.2195561726E+02  0.2195169067E+02
L1 0.3248996897E+03  0.3248996897E+03  -.2247159893E+08  0.1000000000E+01
L2 0.1000000000E+01  0.0000000000E+00  0.0000000000E+00  0.0000000000E+00
L3 0.0000000000E+00  0.0000000000E+00  0.0000000000E+00  0.0000000000E+00
L4 0.0000000000E+00  0.0000000000E+00  0.0000000000E+00  0.0000000000E+00
L5 0.0000000000E+00  0.0000000000E+00  0.0000000000E+00  0.0000000000E+00
L6 0.0000000000E+00  -.4390730793E+02  -.2937002257E+01  -.5367738021E+02
L7 -.2998211971E+02  0.3836134068E+01  0.3113364588E+02  0.1896157751E+02
L8 0.2355944919E+01  -.1359810813E+02  0.0000000000E+00  0.0000000000E+00
L9 0.0000000000E+00  0.0000000000E+00  0.0000000000E+00  0.0000000000E+00  0.0000000000E+00
L0    33500  0.6700000000E+02  -.1903754278E+02  0.1892492676E+02
L1 0.2801015613E+03  0.2801015613E+03  -.1994231840E+08  0.1000000000E+01
L2 0.1000000000E+01  0.0000000000E+00  0.0000000000E+00  0.0000000000E+00
L3 0.0000000000E+00  0.0000000000E+00  0.0000000000E+00  0.0000000000E+00
L4 0.0000000000E+00  0.0000000000E+00  0.0000000000E+00  0.0000000000E+00
L5 0.0000000000E+00  0.0000000000E+00  0.0000000000E+00  0.0000000000E+00
L6 0.0000000000E+00  -.3796246954E+02  -.3254967646E+01  -.5856570374E+02
L7 -.2862955993E+02  0.3739763682E+01  0.3518475154E+02  0.2053152221E+02
L8 0.3233664474E+01  -.1020194012E+02  0.0000000000E+00  0.0000000000E+00
L9 0.0000000000E+00  0.0000000000E+00  0.0000000000E+00  0.0000000000E+00  0.0000000000E+00
L0    34000  0.6800000000E+02  -.1235320688E+02  0.2408927727E+02
L1 0.3565373996E+03  0.3565373996E+03  -.1339746309E+08  0.1000000000E+01
L2 0.1000000000E+01  0.0000000000E+00  0.0000000000E+00  0.0000000000E+00
L3 0.0000000000E+00  0.0000000000E+00  0.0000000000E+00  0.0000000000E+00
L4 0.0000000000E+00  0.0000000000E+00  0.0000000000E+00  0.0000000000E+00
L5 0.0000000000E+00  0.0000000000E+00  0.0000000000E+00  0.0000000000E+00
L6 0.0000000000E+00  -.3644248415E+02  -.2532955120E+01  -.5840149580E+02
L7 -.2644056127E+02  0.5423600368E+01  0.3174440166E+02  0.2208850903E+02
L8 0.2905239794E+01  -.1122922281E+02  0.0000000000E+00  0.0000000000E+00
L9 0.0000000000E+00  0.0000000000E+00  0.0000000000E+00  0.0000000000E+00  0.0000000000E+00
L0    34500  0.6900000000E+02  -.1619616713E+02  0.1733105659E+02
L1 0.2565112179E+03  0.2565112179E+03  -.1711760153E+08  0.1000000000E+01
L2 0.1000000000E+01  0.0000000000E+00  0.0000000000E+00  0.0000000000E+00
L3 0.0000000000E+00  0.0000000000E+00  0.0000000000E+00  0.0000000000E+00
L4 0.0000000000E+00  0.0000000000E+00  0.0000000000E+00  0.0000000000E+00
L5 0.0000000000E+00  0.0000000000E+00  0.0000000000E+00  0.0000000000E+00
L6 0.0000000000E+00  -.3352722372E+02  -.2770536902E+01  -.5145421428E+02
L7 -.3168764534E+02  0.6143730868E+01  0.3176595056E+02  0.2384919896E+02
L8 0.1723295566E+01  -.1109700316E+02  0.0000000000E+00  0.0000000000E+00
L9 0.0000000000E+00  0.0000000000E+00  0.0000000000E+00  0.0000000000E+00  0.0000000000E+00
L0    35000  0.7000000000E+02  -.1806073633E+02  0.2299023628E+02
L1 0.3402708586E+03  0.3402708586E+03  -.1878031221E+08  0.1000000000E+01
L2 0.1000000000E+01  0.0000000000E+00  0.0000000000E+00  0.0000000000E+00
L3 0.0000000000E+00  0.0000000000E+00  0.0000000000E+00  0.0000000000E+00
L4 0.0000000000E+00  0.0000000000E+00  0.0000000000E+00  0.0000000000E+00
L5 0.0000000000E+00  0.0000000000E+00  0.0000000000E+00  0.0000000000E+00
L6 0.0000000000E+00  -.4105097262E+02  -.3204435579E+01  -.4989671322E+02
L7 -.3242237065E+02  0.2869207407E+01  0.3374827620E+02  0.2113589841E+02
L8 0.2150245653E+01  -.1543108083E+02  0.0000000000E+00  0.0000000000E+00
L9 0.0000000000E+00  0.0000000000E+00  0.0000000000E+00  0.0000000000E+00  0.0000000000E+00
L0    35500  0.7100000000E+02  -.2070904400E+02  0.2024877739E+02
L1 0.2996954352E+03  0.2996954352E+03  -.2167388203E+08  0.1000000000E+01
L2 0.1000000000E+01  0.0000000000E+00  0.0000000000E+00  0.0000000000E+00
L3 0.0000000000E+00  0.0000000000E+00  0.0000000000E+00  0.0000000000E+00
L4 0.0000000000E+00  0.0000000000E+00  0.0000000000E+00  0.0000000000E+00
L5 0.0000000000E+00  0.0000000000E+00  0.0000000000E+00  0.0000000000E+00
L6 0.0000000000E+00  -.4095782139E+02  -.2649926179E+01  -.5776266999E+02
L7 -.2675421475E+02  0.6188011302E+01  0.3140463762E+02  0.1869089104E+02
L8 0.2352503892E+01  -.1242705433E+02  0.0000000000E+00  0.0000000000E+00
L9 0.0000000000E+00  0.0000000000E+00  0.0000000000E+00  0.0000000000E+00  0.0000000000E+00
L0    36000  0.7200000000E+02  -.2174353118E+02  0.2204924011E+02
L1 0.3263434865E+03  0.3263434865E+03  -.2239574332E+08  0.1000000000E+01
L2 0.1000000000E+01  0.0000000000E+00  0.0000000000E+00  0.0000000000E+00
L3 0.0000000000E+00  0.0000000000E+00  0.0000000000E+00  0.0000000000E+00
L4 0.0000000000E+00  0.0000000000E+00  0.0000000000E+00  0.0000000000E+00
L5 0.0000000000E+00  0.0000000000E+00  0.0000000000E+00  0.0000000000E+00
L6 0.0000000000E+00  -.4379277129E+02  -.2155890265E+01  -.6114080923E+02
L7 -.2732095768E+02  0.2686877482E+01  0.2747937549E+02  0.2245139120E+02
L8 0.3097379388E+01  -.8890137688E+01  0.0000000000E+00  0.0000000000E+00
L9 0.0000000000E+00  0.0000000000E+00  0.0000000000E+00  0.0000000000E+00  0.0000000000E+00
L0    36500  0.7300000000E+02  -.1469606329E+02  0.2222374916E+02
L1 0.3289263371E+03  0.3289263371E+03  -.1550649763E+08  0.1000000000E+01
L2 0.1000000000E+01  0.0000000000E+00  0.0000000000E+00  0.0000000000E+00
L3 0.0000000000E+00  0.0000000000E+00  0.0000000000E+00  0.0000000000E+00
L4 0.0000000000E+00  0.0000000000E+00  0.0000000000E+00  0.0000000000E+00
L5 0.0000000000E+00  0.0000000000E+00  0.0000000000E+00  0.0000000000E+00
L6 0.0000000000E+00  -.3691981245E+02  -.1717812876E+01  -.5825738740E+02
L7 -.2629897900E+02  0.3303882206E+01  0.3408579505E+02  0.2137284378E+02
L8 0.3902852310E+01  -.1331100651E+02  0.0000000000E+00  0.0000000000E+00
L9 0.0000000000E+00  0.0000000000E+00  0.0000000000E+00  0.0000000000E+00  0.0000000000E+00
L0    37000  0.7400000000E+02  -.2101907124E+02  0.1849924088E+02
L1 0.2738011258E+03  0.2738011258E+03  -.2193208088E+08  0.1000000000E+01
L2 0.1000000000E+01  0.0000000000E+00  0.0000000000E+00  0.0000000000E+00
L3 0.0000000000E+00  0.0000000000E+00  0.0000000000E+00  0.0000000000E+00
L4 0.0000000000E+00  0.0000000000E+00  0.0000000000E+00  0.0000000000E+00
L5 0.0000000000E+00  0.0000000000E+00  0.0000000000E+00  0.0000000000E+00
L6 0.0000000000E+00  -.3951831212E+02  -.2810889847E+01  -.5691329555E+02
L7 -.2775647092E+02  0.5599016324E+01  0.3220691894E+02  0.1968511451E+02
L8 0.1132621421E+01  -.1066132699E+02  0.0000000000E+00  0.0000000000E+00
L9 0.0000000000E+00  0.0000000000E+00  0.0000000000E+00  0.0000000000E+00  0.0000000000E+00
L0    37500  0.7500000000E+02  -.1853332375E+02  0.2229573059E+02
L1 0.3299917103E+03  0.3299917103E+03  -.1955191849E+08  0.1000000000E+01
L2 0.1000000000E+01  0.0000000000E+00  0.0000000000E+00  0.0000000000E+00
L3 0.0000000000E+00  0.0000000000E+00  0.0000000000E+00  0.0000000000E+00
L4 0.0000000000E+00  0.0000000000E+00  0.0000000000E+00  0.0000000000E+00
L5 0.0000000000E+00  0.0000000000E+00  0.0000000000E+00  0.0000000000E+00
L6 0.0000000000E+00  -.4082905434E+02  -.2789179941E+01  -.5417919335E+02
L7 -.2898630953E+02  0.2630977175E+01  0.3371305317E+02  0.1991515904E+02
L8 0.1507755401E+01  -.1264131630E+02  0.0000000000E+00  0.0000000000E+00
L9 0.0000000000E+00  0.0000000000E+00  0.0000000000E+00  0.0000000000E+00  0.0000000000E+00
L0    38000  0.7600000000E+02  -.1700995490E+02  0.2013760757E+02
L1 0.2980500477E+03  0.2980500477E+03  -.1814762733E+08  0.1000000000E+01
L2 0.1000000000E+01  0.0000000000E+00  0.0000000000E+00  0.0000000000E+00
L3 0.0000000000E+00  0.0000000000E+00  0.0000000000E+00  0.0000000000E+00
L4 0.0000000000E+00  0.0000000000E+00  0.0000000000E+00  0.0000000000E+00
L5 0.0000000000E+00  0.0000000000E+00  0.0000000000E+00  0.0000000000E+00
L6 0.0000000000E+00  -.3714756248E+02  -.2481783076E+01  -.5628755958E+02
L7 -.2735201710E+02  0.7530875018E+01  0.3434616599E+02  0.1907831388E+02
L8 0.1726092209E+01  -.1370764981E+02  0.0000000000E+00  0.0000000000E+00
L9 0.0000000000E+00  0.0000000000E+00  0.0000000000E+00  0.0000000000E+00  0.0000000000E+00
L0    38500  0.7700000000E+02  -.1931990421E+02  0.2217841339E+02
L1 0.3282553374E+03  0.3282553374E+03  -.1994362629E+08  0.1000000000E+01
L2 0.1000000000E+01  0.0000000000E+00  0.0000000000E+00  0.0000000000E+00
L3 0.0000000000E+00  0.0000000000E+00  0.0000000000E+00  0.0000000000E+00
L4 0.0000000000E+00  0.0000000000E+00  0.0000000000E+00  0.0000000000E+00
L5 0.0000000000E+00  0.0000000000E+00  0.0000000000E+00  0.0000000000E+00
L6 0.0000000000E+00  -.4149831760E+02  -.3050152083E+01  -.5139994208E+02
L7 -.3050783674E+02  0.2873287953E+01  0.3587796084E+02  0.1758910596E+02
L8 0.2037814870E+01  -.1491855632E+02  0.0000000000E+00  0.0000000000E+00
L9 0.0000000000E+00  0.0000000000E+00  0.0000000000E+00  0.0000000000E+00  0.0000000000E+00
L0    39000  0.7800000000E+02  -.2183320343E+02  0.1953371620E+02
L1 0.2891120518E+03  0.2891120518E+03  -.2255997574E+08  0.1000000000E+01
L2 0.1000000000E+01  0.0000000000E+00  0.0000000000E+00  0.0000000000E+00
L3 0.0000000000E+00  0.0000000000E+00  0.0000000000E+00  0.0000000000E+00
L4 0.0000000000E+00  0.0000000000E+00  0.0000000000E+00  0.0000000000E+00
L5 0.0000000000E+00  0.0000000000E+00  0.0000000000E+00  0.0000000000E+00
L6 0.0000000000E+00  -.4136691963E+02  -.2701202084E+01  -.5900533471E+02
L7 -.2580074286E+02  0.4438760394E+01  0.3198943444E+02  0.1944423169E+02
L8 0.3716128695E+01  -.1344819521E+02  0.0000000000E+00  0.0000000000E+00
L9 0.0000000000E+00  0.0000000000E+00  0.0000000000E+00  0.0000000000E+00  0.0000000000E+00
L0    39500  0.7900000000E+02  -.1849852760E+02  0.2141072083E+02
L1 0.3168929744E+03  0.3168929744E+03  -.1913692864E+08  0.1000000000E+01
L2 0.1000000000E+01  0.0000000000E+00  0.0000000000E+00  0.0000000000E+00
L3 0.0000000000E+00  0.0000000000E+00  0.0000000000E+00  0.0000000000E+00
L4 0.0000000000E+00  0.0000000000E+00  0.0000000000E+00  0.0000000000E+00
L5 0.0000000000E+00  0.0000000000E+00  0.0000000000E+00  0.0000000000E+00
L6 0.0000000000E+00  -.3990924843E+02  -.2535255549E+01  -.5565797491E+02
L7 -.2902649186E+02  0.1659237500E+01  0.2860304028E+02  0.2552620246E+02
L8 0.3256684199E+01  -.1173469055E+02  0.0000000000E+00  0.0000000000E+00
L9 0.0000000000E+00  0.0000000000E+00  0.0000000000E+00  0.0000000000E+00  0.0000000000E+00
L0    40000  0.8000000000E+02  -.1569830353E+02  0.2483229065E+02
L1 0.3675344941E+03  0.3675344941E+03  -.1658745605E+08  0.1000000000E+01
L2 0.1000000000E+01  0.0000000000E+00  0.0000000000E+00  0.0000000000E+00
L3 0.0000000000E+00  0.0000000000E+00  0.0000000000E+00  0.0000000000E+00
L4 0.0000000000E+00  0.0000000000E+00  0.0000000000E+00  0.0000000000E+00
L5 0.0000000000E+00  0.0000000000E+00  0.0000000000E+00  0.0000000000E+00
L6 0.0000000000E+00  -.4053059417E+02  -.2912394288E+01  -.4909933604E+02
L7 -.3178080725E+02  0.1923118495E+01  0.3589529008E+02  0.1964663337E+02
L8 0.2146634419E+01  -.1634973296E+02  0.0000000000E+00  0.0000000000E+00
L9 0.0000000000E+00  0.0000000000E+00  0.0000000000E+00  0.0000000000E+00  0.0000000000E+00
L0    40500  0.8100000000E+02  -.1712159876E+02  0.2672000122E+02
L1 0.3954738719E+03  0.3954738719E+03  -.1787361101E+08  0.1000000000E+01
L2 0.1000000000E+01  0.0000000000E+00  0.0000000000E+00  0.0000000000E+00
L3 0.0000000000E+00  0.0000000000E+00  0.0000000000E+00  0.0000000000E+00
L4 0.0000000000E+00  0.0000000000E+00  0.0000000000E+00  0.0000000000E+00
L5 0.0000000000E+00  0.0000000000E+00  0.0000000000E+00  0.0000000000E+00
L6 0.0000000000E+00  -.4384159998E+02  -.3470071238E+01  -.5223755486E+02
L7 -.3094661633E+02  0.4907856205E+01  0.2911413548E+02  0.1970028271E+02
L8 0.1527091519E+01  -.1243672346E+02  0.0000000000E+00  0.0000000000E+00
L9 0.0000000000E+00  0.0000000000E+00  0.0000000000E+00  0.0000000000E+00  0.0000000000E+00
L0    41000  0.8200000000E+02  -.7075733786E+01  0.3058001328E+02
L1 0.4526046295E+03  0.4526046295E+03  -.8272925024E+07  0.1000000000E+01
L2 0.1000000000E+01  0.0000000000E+00  0.0000000000E+00  0.0000000000E+00
L3 0.0000000000E+00  0.0000000000E+00  0.0000000000E+00  0.0000000000E+00
L4 0.0000000000E+00  0.0000000000E+00  0.0000000000E+00  0.0000000000E+00
L5 0.0000000000E+00  0.0000000000E+00  0.0000000000E+00  0.0000000000E+00
L6 0.0000000000E+00  -.3765574706E+02  -.2632754284E+01  -.5326046765E+02
L7 -.2986074352E+02  0.5190299384E+01  0.3305739657E+02  0.2059828848E+02
L8 0.2360433268E+01  -.1310819930E+02  0.0000000000E+00  0.0000000000E+00
L9 0.0000000000E+00  0.0000000000E+00  0.0000000000E+00  0.0000000000E+00  0.0000000000E+00
L0    41500  0.8300000000E+02  -.1031938039E+02  0.1695635605E+02
L1 0.2509653994E+03  0.2509653994E+03  -.1159810506E+08  0.1000000000E+01
L2 0.1000000000E+01  0.0000000000E+00  0.0000000000E+00  0.0000000000E+00
L3 0.0000000000E+00  0.0000000000E+00  0.0000000000E+00  0.0000000000E+00
L4 0.0000000000E+00  0.0000000000E+00  0.0000000000E+00  0.0000000000E+00
L5 0.0000000000E+00  0.0000000000E+00  0.0000000000E+00  0.0000000000E+00
L6 0.0000000000E+00  -.2727573644E+02  -.3009229005E+01  -.4802748766E+02
L7 -.3083577040E+02  0.1166101883E+02  0.3953324887E+02  0.2205132098E+02
L8 0.1045875840E+01  -.1969471390E+02  0.0000000000E+00  0.0000000000E+00
L9 0.0000000000E+00  0.0000000000E+00  0.0000000000E+00  0.0000000000E+00  0.0000000000E+00
L0    42000  0.8400000000E+02  -.1217359609E+02  0.2104559326E+02
L1 0.3114888425E+03  0.3114888425E+03  -.1296490163E+08  0.1000000000E+01
L2 0.1000000000E+01  0.0000000000E+00  0.0000000000E+00  0.0000000000E+00
L3 0.0000000000E+00  0.0000000000E+00  0.0000000000E+00  0.0000000000E+00
L4 0.0000000000E+00  0.0000000000E+00  0.0000000000E+00  0.0000000000E+00
L5 0.0000000000E+00  0.0000000000E+00  0.0000000000E+00  0.0000000000E+00
L6 0.0000000000E+00  -.3321918935E+02  -.3161610267E+01  -.5466543760E+02
L7 -.3016676890E+02  0.6647682049E+01  0.3158980044E+02  0.2379893339E+02
L8 0.3792250323E+01  -.1105403878E+02  0.0000000000E+00  0.0000000000E+00
L9 0.0000000000E+00  0.0000000000E+00  0.0000000000E+00  0.0000000000E+00  0.0000000000E+00
L0    42500  0.8500000000E+02  -.2085738316E+02  0.1792439461E+02
L1 0.2652930169E+03  0.2652930169E+03  -.2175037899E+08  0.1000000000E+01
L2 0.1000000000E+01  0.0000000000E+00  0.0000000000E+00  0.0000000000E+00
L3 0.0000000000E+00  0.0000000000E+00  0.0000000000E+00  0.0000000000E+00
L4 0.0000000000E+00  0.0000000000E+00  0.0000000000E+00  0.0000000000E+00
L5 0.0000000000E+00  0.0000000000E+00  0.0000000000E+00  0.0000000000E+00
L6 0.0000000000E+00  -.3878177777E+02  -.2104129187E+01  -.5210636456E+02
L7 -.3064095439E+02  0.5281040967E+01  0.3354887122E+02  0.2104535574E+02
L8 0.1695776475E+01  -.1550137403E+02  0.0000000000E+00  0.0000000000E+00
L9 0.0000000000E+00  0.0000000000E+00  0.0000000000E+00  0.0000000000E+00  0.0000000000E+00
L0    43000  0.8600000000E+02  -.2510165696E+02  0.1877178955E+02
L1 0.2778350283E+03  0.2778350283E+03  -.2594903474E+08  0.1000000000E+01
L2 0.1000000000E+01  0.0000000000E+00  0.0000000000E+00  0.0000000000E+00
L3 0.0000000000E+00  0.0000000000E+00  0.0000000000E+00  0.0000000000E+00
L4 0.0000000000E+00  0.0000000000E+00  0.0000000000E+00  0.0000000000E+00
L5 0.0000000000E+00  0.0000000000E+00  0.0000000000E+00  0.0000000000E+00
L6 0.0000000000E+00  -.4387344651E+02  -.2779715803E+01  -.5252015404E+02
L7 -.2808168093E+02  0.4840361548E+01  0.3040576518E+02  0.1867836675E+02
L8 0.2439760678E+01  -.1685614989E+02  0.0000000000E+00  0.0000000000E+00
L9 0.0000000000E+00  0.0000000000E+00  0.0000000000E+00  0.0000000000E+00  0.0000000000E+00
L0    43500  0.8700000000E+02  -.2035513728E+02  0.1740009689E+02
L1 0.2575330604E+03  0.2575330604E+03  -.2144097560E+08  0.1000000000E+01
L2 0.1000000000E+01  0.0000000000E+00  0.0000000000E+00  0.0000000000E+00
L3 0.0000000000E+00  0.0000000000E+00  0.0000000000E+00  0.0000000000E+00
L4 0.0000000000E+00  0.0000000000E+00  0.0000000000E+00  0.0000000000E+00
L5 0.0000000000E+00  0.0000000000E+00  0.0000000000E+00  0.0000000000E+00
L6 0.0000000000E+00  -.3775523418E+02  -.2351824987E+01  -.5302602453E+02
L7 -.2720249969E+02  0.8692243182E+01  0.2962509459E+02  0.2015095765E+02
L8 0.2594093007E+01  -.1623727340E+02  0.0000000000E+00  0.0000000000E+00
L9 0.0000000000E+00  0.0000000000E+00  0.0000000000E+00  0.0000000000E+00  0.0000000000E+00
L0    44000  0.8800000000E+02  -.2541327509E+02  0.2146848297E+02
L1 0.3177478928E+03  0.3177478928E+03  -.2607522425E+08  0.1000000000E+01
L2 0.1000000000E+01  0.0000000000E+00  0.0000000000E+00  0.0000000000E+00
L3 0.0000000000E+00  0.0000000000E+00  0.0000000000E+00  0.0000000000E+00
L4 0.0000000000E+00  0.0000000000E+00  0.0000000000E+00  0.0000000000E+00
L5 0.0000000000E+00  0.0000000000E+00  0.0000000000E+00  0.0000000000E+00
L6 0.0000000000E+00  -.4688175806E+02  -.2469686859E+01  -.5831488809E+02
L7 -.2714819133E+02  0.3133949785E+01  0.2758989244E+02  0.1868696864E+02
L8 0.2731699702E+01  -.1109150235E+02  0.0000000000E+00  0.0000000000E+00
L9 0.0000000000E+00  0.0000000000E+00  0.0000000000E+00  0.0000000000E+00  0.0000000000E+00
L0    44500  0.8900000000E+02  -.2408649390E+02  0.1439782143E+02
L1 0.2130973775E+03  0.2130973775E+03  -.2484191554E+08  0.1000000000E+01
L2 0.1000000000E+01  0.0000000000E+00  0.0000000000E+00  0.0000000000E+00
L3 0.0000000000E+00  0.0000000000E+00  0.0000000000E+00  0.0000000000E+00
L4 0.0000000000E+00  0.0000000000E+00  0.0000000000E+00  0.0000000000E+00
L5 0.0000000000E+00  0.0000000000E+00  0.0000000000E+00  0.0000000000E+00
L6 0.0000000000E+00  -.3848431533E+02  -.1705907592E+01  -.5870770778E+02
L7 -.2614493714E+02  0.4376125068E+01  0.2969197528E+02  0.2167520395E+02
L8 0.3174330903E+01  -.1084339803E+02  0.0000000000E+00  0.0000000000E+00
L9 0.0000000000E+00  0.0000000000E+00  0.0000000000E+00  0.0000000000E+00  0.0000000000E+00
L0    45000  0.9000000000E+02  -.1595445039E+02  0.2405481720E+02
L1 0.3560273675E+03  0.3560273675E+03  -.1676918008E+08  0.1000000000E+01
L2 0.1000000000E+01  0.0000000000E+00  0.0000000000E+00  0.0000000000E+00
L3 0.0000000000E+00  0.0000000000E+00  0.0000000000E+00  0.0000000000E+00
L4 0.0000000000E+00  0.0000000000E+00  0.0000000000E+00  0.0000000000E+00
L5 0.0000000000E+00  0.0000000000E+00  0.0000000000E+00  0.0000000000E+00
L6 0.0000000000E+00  -.4000926759E+02  -.3047189278E+01  -.5939001119E+02
L7 -.2537229711E+02  0.5836975588E+01  0.2547207736E+02  0.2366884319E+02
L8 0.3726528950E+01  -.1090419511E+02  0.0000000000E+00  0.0000000000E+00
L9 0.0000000000E+00  0.0000000000E+00  0.0000000000E+00  0.0000000000E+00  0.0000000000E+00
L0    45500  0.9100000000E+02  -.2498503774E+02  0.1525038338E+02
L1 0.2257158640E+03  0.2257158640E+03  -.2601810354E+08  0.1000000000E+01
L2 0.1000000000E+01  0.0000000000E+00  0.0000000000E+00  0.0000000000E+00
L3 0.0000000000E+00  0.0000000000E+00  0.0000000000E+00  0.0000000000E+00
L4 0.0000000000E+00  0.0000000000E+00  0.0000000000E+00  0.0000000000E+00
L5 0.0000000000E+00  0.0000000000E+00  0.0000000000E+00  0.0000000000E+00
L6 0.0000000000E+00  -.4023542112E+02  -.2280282752E+01  -.5683320611E+02
L7 -.2764441590E+02  0.3030175488E+01  0.3395169579E+02  0.1877276314E+02
L8 0.2991001626E+01  -.1222315240E+02  0.0000000000E+00  0.0000000000E+00
L9 0.0000000000E+00  0.0000000000E+00  0.0000000000E+00  0.0000000000E+00  0.0000000000E+00
L0    46000  0.9200000000E+02  -.2894793268E+02  0.1634826469E+02
L1 0.2419652411E+03  0.2419652411E+03  -.2955674501E+08  0.1000000000E+01
L2 0.1000000000E+01  0.0000000000E+00  0.0000000000E+00  0.0000000000E+00
L3 0.0000000000E+00  0.0000000000E+00  0.0000000000E+00  0.0000000000E+00
L4 0.0000000000E+00  0.0000000000E+00  0.0000000000E+00  0.0000000000E+00
L5 0.0000000000E+00  0.0000000000E+00  0.0000000000E+00  0.0000000000E+00
L6 0.0000000000E+00  -.4529619738E+02  -.2823991851E+01  -.5531220505E+02
L7 -.2731242112E+02  0.2271944384E+01  0.2995506742E+02  0.1936694452E+02
L8 0.2232486723E+01  -.1367402240E+02  0.0000000000E+00  0.0000000000E+00
L9 0.0000000000E+00  0.0000000000E+00  0.0000000000E+00  0.0000000000E+00  0.0000000000E+00
L0    46500  0.9300000000E+02  -.2020148811E+02  0.2013076401E+02
L1 0.2979487583E+03  0.2979487583E+03  -.2092334709E+08  0.1000000000E+01
L2 0.1000000000E+01  0.0000000000E+00  0.0000000000E+00  0.0000000000E+00
L3 0.0000000000E+00  0.0000000000E+00  0.0000000000E+00  0.0000000000E+00
L4 0.0000000000E+00  0.0000000000E+00  0.0000000000E+00  0.0000000000E+00
L5 0.0000000000E+00  0.0000000000E+00  0.0000000000E+00  0.0000000000E+00
L6 0.0000000000E+00  -.4033225212E+02  -.2676134444E+01  -.5418366210E+02
L7 -.2702269846E+02  0.4714319242E+01  0.3396660315E+02  0.1963102071E+02
L8 0.1885763058E+01  -.1664746327E+02  0.0000000000E+00  0.0000000000E+00
L9 0.0000000000E+00  0.0000000000E+00  0.0000000000E+00  0.0000000000E+00  0.0000000000E+00
L0    47000  0.9400000000E+02  -.1186293649E+02  0.1904166794E+02
L1 0.2818294088E+03  0.2818294088E+03  -.1310151529E+08  0.1000000000E+01
L2 0.1000000000E+01  0.0000000000E+00  0.0000000000E+00  0.0000000000E+00
L3 0.0000000000E+00  0.0000000000E+00  0.0000000000E+00  0.0000000000E+00
L4 0.0000000000E+00  0.0000000000E+00  0.0000000000E+00  0.0000000000E+00
L5 0.0000000000E+00  0.0000000000E+00  0.0000000000E+00  0.0000000000E+00
L6 0.0000000000E+00  -.3090460443E+02  -.3596527590E+01  -.5402985582E+02
L7 -.2994319535E+02  0.7860308672E+01  0.3820813315E+02  0.2045494507E+02
L8 0.1884993260E+01  -.1174340582E+02  0.0000000000E+00  0.0000000000E+00
L9 0.0000000000E+00  0.0000000000E+00  0.0000000000E+00  0.0000000000E+00  0.0000000000E+00
L0    47500  0.9500000000E+02  -.1467328715E+02  0.2500321960E+02
L1 0.3700643568E+03  0.3700643568E+03  -.1531856989E+08  0.1000000000E+01
L2 0.1000000000E+01  0.0000000000E+00  0.0000000000E+00  0.0000000000E+00
L3 0.0000000000E+00  0.0000000000E+00  0.0000000000E+00  0.0000000000E+00
L4 0.0000000000E+00  0.0000000000E+00  0.0000000000E+00  0.0000000000E+00
L5 0.0000000000E+00  0.0000000000E+00  0.0000000000E+00  0.0000000000E+00
L6 0.0000000000E+00  -.3967650675E+02  -.1561437161E+01  -.5428877142E+02
L7 -.3002614459E+02  0.3817243516E+01  0.3242107397E+02  0.2028823591E+02
L8 0.2783061717E+01  -.1310976869E+02  0.0000000000E+00  0.0000000000E+00
L9 0.0000000000E+00  0.0000000000E+00  0.0000000000E+00  0.0000000000E+00  0.0000000000E+00
L0    48000  0.9600000000E+02  -.1317532413E+02  0.2029234695E+02
L1 0.3003402939E+03  0.3003402939E+03  -.1431287067E+08  0.1000000000E+01
L2 0.1000000000E+01  0.0000000000E+00  0.0000000000E+00  0.0000000000E+00
L3 0.0000000000E+00  0.0000000000E+00  0.0000000000E+00  0.0000000000E+00
L4 0.0000000000E+00  0.0000000000E+00  0.0000000000E+00  0.0000000000E+00
L5 0.0000000000E+00  0.0000000000E+00  0.0000000000E+00  0.0000000000E+00
L6 0.0000000000E+00  -.3346767108E+02  -.8977236664E+00  -.5368466616E+02
L7 -.3344942081E+02  0.9516059696E+01  0.2799083039E+02  0.2395432444E+02
L8 0.2679440895E+01  -.9576515875E+01  0.0000000000E+00  0.0000000000E+00
L9 0.0000000000E+00  0.0000000000E+00  0.0000000000E+00  0.0000000000E+00  0.0000000000E+00
L0    48500  0.9700000000E+02  -.1965114371E+02  0.2468794250E+02
L1 0.3653980451E+03  0.3653980451E+03  -.2034511726E+08  0.1000000000E+01
L2 0.1000000000E+01  0.0000000000E+00  0.0000000000E+00  0.0000000000E+00
L3 0.0000000000E+00  0.0000000000E+00  0.0000000000E+00  0.0000000000E+00
L4 0.0000000000E+00  0.0000000000E+00  0.0000000000E+00  0.0000000000E+00
L5 0.0000000000E+00  0.0000000000E+00  0.0000000000E+00  0.0000000000E+00
L6 0.0000000000E+00  -.4433908622E+02  -.2660874228E+01  -.5247095799E+02
L7 -.2976619830E+02  0.3407056826E+01  0.2862832966E+02  0.2079024990E+02
L8 0.1393608264E+01  -.1366030035E+02  0.0000000000E+00  0.0000000000E+00
L9 0.0000000000E+00  0.0000000000E+00  0.0000000000E+00  0.0000000000E+00  0.0000000000E+00
L0    49000  0.9800000000E+02  -.2057773986E+02  0.2001073456E+02
L1 0.2961722422E+03  0.2961722422E+03  -.2129813018E+08  0.1000000000E+01
L2 0.1000000000E+01  0.0000000000E+00  0.0000000000E+00  0.0000000000E+00
L3 0.0000000000E+00  0.0000000000E+00  0.0000000000E+00  0.0000000000E+00
L4 0.0000000000E+00  0.0000000000E+00  0.0000000000E+00  0.0000000000E+00
L5 0.0000000000E+00  0.0000000000E+00  0.0000000000E+00  0.0000000000E+00
L6 0.0000000000E+00  -.4058847442E+02  -.2895418013E+01  -.5335976915E+02
L7 -.2742658629E+02  0.3760598717E+01  0.2967746363E+02  0.2462839136E+02
L8 0.1573260324E+01  -.1654641499E+02  0.0000000000E+00  0.0000000000E+00
L9 0.0000000000E+00  0.0000000000E+00  0.0000000000E+00  0.0000000000E+00  0.0000000000E+00
L0    49500  0.9900000000E+02  -.2431671960E+02  0.1746875191E+02
L1 0.2585492005E+03  0.2585492005E+03  -.2488550431E+08  0.1000000000E+01
L2 0.1000000000E+01  0.0000000000E+00  0.0000000000E+00  0.0000000000E+00
L3 0.0000000000E+00  0.0000000000E+00  0.0000000000E+00  0.0000000000E+00
L4 0.0000000000E+00  0.0000000000E+00  0.0000000000E+00  0.0000000000E+00
L5 0.0000000000E+00  0.0000000000E+00  0.0000000000E+00  0.0000000000E+00
L6 0.0000000000E+00  -.4178547151E+02  -.2975765645E+01  -.5711992232E+02
L7 -.2972314288E+02  0.4444710067E+01  0.3254291524E+02  0.1987408436E+02
L8 0.2233883208E+01  -.1106223354E+02  0.0000000000E+00  0.0000000000E+00
L9 0.0000000000E+00  0.0000000000E+00  0.0000000000E+00  0.0000000000E+00  0.0000000000E+00
L0    50000  0.1000000000E+03  -.2647713418E+02  0.1794754982E+02
L1 0.2656357295E+03  0.2656357295E+03  -.2693888040E+08  0.1000000000E+01
L2 0.1000000000E+01  0.0000000000E+00  0.0000000000E+00  0.0000000000E+00
L3 0.0000000000E+00  0.0000000000E+00  0.0000000000E+00  0.0000000000E+00
L4 0.0000000000E+00  0.0000000000E+00  0.0000000000E+00  0.0000000000E+00
L5 0.0000000000E+00  0.0000000000E+00  0.0000000000E+00  0.0000000000E+00
L6 0.0000000000E+00  -.4442468400E+02  -.3069049955E+01  -.5086548935E+02
L7 -.2975639472E+02  0.4115186920E+01  0.2853528260E+02  0.2146945975E+02
L8 0.1317022166E+01  -.1617070142E+02  0.0000000000E+00  0.0000000000E+00
L9 0.0000000000E+00  0.0000000000E+00  0.0000000000E+00  0.0000000000E+00  0.0000000000E+00
